2021-01-05 11:50:50,22.8916112,120.6392081,0.13,0,0.65,22.8916177,120.6392081,1609818650.0
2021-01-05 11:50:50,22.8916112,120.6392081,0.13,0,0.63,22.8916175,120.6392081,1609818650.0
2021-01-05 11:50:50,22.8916112,120.6392081,0.13,0,0.58,22.891617,120.6392081,1609818650.0
2021-01-05 11:50:51,22.8916112,120.6392081,0.13,0,0.61,22.8916173,120.6392081,1609818651.0
2021-01-05 11:50:51,22.8916112,120.6392080,0.17,1,1.24,22.8916236,120.6392082,1609818651.0
2021-01-05 11:50:51,22.8916112,120.6392080,0.17,1,3.11,22.8916423,120.6392085,1609818651.0
2021-01-05 11:50:52,22.8916112,120.6392080,0.17,1,2.81,22.8916393,120.6392085,1609818652.0
2021-01-05 11:50:52,22.8916141,120.6392072,1.01,359,0.0,22.8916141,120.6392072,1609818652.0
2021-01-05 11:50:52,22.8916141,120.6392072,1.01,359,2.53,22.8916394,120.6392068,1609818652.0
2021-01-05 11:50:52,22.8916141,120.6392072,1.01,359,2.29,22.891637,120.6392068,1609818652.0
2021-01-05 11:50:53,22.8916199,120.6392137,1.37,0,0.0,22.8916199,120.6392137,1609818653.0
2021-01-05 11:50:53,22.8916199,120.6392137,1.37,0,3.9,22.8916589,120.6392137,1609818653.0
2021-01-05 11:50:53,22.8916199,120.6392137,1.37,0,4.34,22.8916633,120.6392137,1609818653.0
2021-01-05 11:50:54,22.8916282,120.6392187,1.92,0,6.44,22.8916926,120.6392187,1609818654.0
2021-01-05 11:50:54,22.8916282,120.6392187,1.92,0,5.67,22.8916849,120.6392187,1609818654.0
2021-01-05 11:50:55,22.8916282,120.6392187,1.92,0,5.37,22.8916819,120.6392187,1609818655.0
2021-01-05 11:50:55,22.8916388,120.6392208,2.51,1,6.58,22.8917046,120.6392219,1609818655.0
2021-01-05 11:50:55,22.8916388,120.6392208,2.51,1,5.61,22.8916949,120.6392218,1609818655.0
2021-01-05 11:50:56,22.8916388,120.6392208,2.51,1,6.65,22.8917053,120.639222,1609818656.0
2021-01-05 11:50:56,22.8916525,120.6392239,2.92,3,7.85,22.8917309,120.639228,1609818656.0
2021-01-05 11:50:56,22.8916525,120.6392239,2.92,3,7.46,22.891727,120.6392278,1609818656.0
2021-01-05 11:50:56,22.8916525,120.6392239,2.92,3,14.23,22.8917946,120.6392313,1609818656.0
2021-01-05 11:50:57,22.8916697,120.6392216,3.39,49,17.0,22.8917812,120.6393499,1609818657.0
2021-01-05 11:50:57,22.8916697,120.6392216,3.39,49,15.3,22.8917701,120.6393371,1609818657.0
2021-01-05 11:50:57,22.8916697,120.6392216,3.39,49,13.3,22.891757,120.639322,1609818657.0
2021-01-05 11:50:58,22.8916697,120.6392216,3.39,49,16.1,22.8917754,120.6393431,1609818658.0
2021-01-05 11:50:58,22.8916875,120.6392246,3.74,106,14.93,22.8916464,120.6393681,1609818658.0
2021-01-05 11:50:58,22.8916875,120.6392246,3.74,106,13.6,22.89165,120.6393553,1609818658.0
2021-01-05 11:50:59,22.8916875,120.6392246,3.74,106,18.54,22.8916364,120.6394029,1609818659.0
2021-01-05 11:50:59,22.8917107,120.6392283,4.24,152,18.0,22.8915518,120.6393128,1609818659.0
2021-01-05 11:50:59,22.8917107,120.6392283,4.24,152,18.54,22.891547,120.6393154,1609818659.0
2021-01-05 11:50:59,22.8917107,120.6392283,4.24,152,17.0,22.8915606,120.6393081,1609818659.0
2021-01-05 11:51:00,22.8917296,120.6392320,4.98,151,20.4,22.8915512,120.6393309,1609818660.0
2021-01-05 11:51:00,22.8917296,120.6392320,4.98,151,21.1,22.891545,120.6393343,1609818660.0
2021-01-05 11:51:01,22.8917296,120.6392320,4.98,151,21.86,22.8915385,120.639338,1609818661.0
2021-01-05 11:51:01,22.8917567,120.6392500,5.7,158,23.54,22.8915385,120.6393382,1609818661.0
2021-01-05 11:51:01,22.8917567,120.6392500,5.7,158,27.82,22.8914988,120.6393542,1609818661.0
2021-01-05 11:51:02,22.8917567,120.6392500,5.7,158,32.21,22.8914581,120.6393707,1609818662.0
2021-01-05 11:51:02,22.8917677,120.6392674,6.41,172,36.0,22.8914112,120.6393175,1609818662.0
2021-01-05 11:51:02,22.8917677,120.6392674,6.41,172,20.4,22.8915657,120.6392958,1609818662.0
2021-01-05 11:51:02,22.8917677,120.6392674,6.41,172,23.54,22.8915346,120.6393002,1609818662.0
2021-01-05 11:51:03,22.8917750,120.6392824,7.28,172,29.14,22.8914864,120.639323,1609818663.0
2021-01-05 11:51:03,22.8917750,120.6392824,7.28,172,40.8,22.891371,120.6393392,1609818663.0
2021-01-05 11:51:03,22.8917750,120.6392824,7.28,172,21.1,22.891566,120.6393118,1609818663.0
2021-01-05 11:51:04,22.8917734,120.6393058,8.07,173,34.0,22.891436,120.6393472,1609818664.0
2021-01-05 11:51:04,22.8917734,120.6393058,8.07,173,38.25,22.8913938,120.6393524,1609818664.0
2021-01-05 11:51:05,22.8917734,120.6393058,8.07,173,47.07,22.8913062,120.6393632,1609818665.0
2021-01-05 11:51:05,22.8917692,120.6393189,9.05,176,43.71,22.8913332,120.6393494,1609818665.0
2021-01-05 11:51:05,22.8917692,120.6393189,9.05,176,55.63,22.8912142,120.6393577,1609818665.0
2021-01-05 11:51:06,22.8917692,120.6393189,9.05,176,43.71,22.8913332,120.6393494,1609818666.0
2021-01-05 11:51:06,22.8917601,120.6393351,9.77,176,51.0,22.8912514,120.6393707,1609818666.0
2021-01-05 11:51:06,22.8917601,120.6393351,9.77,176,47.07,22.8912905,120.6393679,1609818666.0
2021-01-05 11:51:06,22.8917601,120.6393351,9.77,176,51.0,22.8912514,120.6393707,1609818666.0
2021-01-05 11:51:07,22.8917400,120.6393501,10.5,184,55.63,22.891185,120.6393113,1609818667.0
2021-01-05 11:51:07,22.8917400,120.6393501,10.5,184,61.2,22.8911295,120.6393074,1609818667.0
2021-01-05 11:51:07,22.8917400,120.6393501,10.5,184,65.54,22.8910862,120.6393044,1609818667.0
2021-01-05 11:51:08,22.8917400,120.6393501,10.5,184,65.54,22.8910862,120.6393044,1609818668.0
2021-01-05 11:51:08,22.8917194,120.6393645,11.24,183,51.0,22.8912101,120.6393378,1609818668.0
2021-01-05 11:51:08,22.8917194,120.6393645,11.24,183,30.6,22.8914138,120.6393485,1609818668.0
2021-01-05 11:51:09,22.8917194,120.6393645,11.24,183,65.54,22.8910649,120.6393302,1609818669.0
2021-01-05 11:51:09,22.8916943,120.6393765,12.01,184,65.54,22.8910405,120.6393308,1609818669.0
2021-01-05 11:51:09,22.8916943,120.6393765,12.01,184,65.54,22.8910405,120.6393308,1609818669.0
2021-01-05 11:51:09,22.8916943,120.6393765,12.01,184,65.54,22.8910405,120.6393308,1609818669.0
2021-01-05 11:51:10,22.8916752,120.6393845,12.23,184,65.54,22.8910214,120.6393388,1609818670.0
2021-01-05 11:51:10,22.8916752,120.6393845,12.23,184,65.54,22.8910214,120.6393388,1609818670.0
2021-01-05 11:51:10,22.8916752,120.6393845,12.23,184,65.54,22.8910214,120.6393388,1609818670.0
2021-01-05 11:51:11,22.8916457,120.6393947,12.27,183,65.54,22.8909912,120.6393604,1609818671.0
2021-01-05 11:51:11,22.8916457,120.6393947,12.27,183,65.54,22.8909912,120.6393604,1609818671.0
2021-01-05 11:51:13,22.8916147,120.6393941,12.08,186,65.54,22.8909629,120.6393256,1609818673.0
2021-01-05 11:51:14,22.8916147,120.6393941,12.08,186,65.54,22.8909629,120.6393256,1609818674.0
2021-01-05 11:51:14,22.8916077,120.6393886,12.07,184,65.54,22.8909539,120.6393429,1609818674.0
2021-01-05 11:51:14,22.8916077,120.6393886,12.07,184,65.54,22.8909539,120.6393429,1609818674.0
2021-01-05 11:51:14,22.8916077,120.6393886,12.07,184,65.54,22.8909539,120.6393429,1609818674.0
2021-01-05 11:51:15,22.8916018,120.6393834,12.12,183,65.54,22.8909473,120.6393491,1609818675.0
2021-01-05 11:51:15,22.8916018,120.6393834,12.12,183,65.54,22.8909473,120.6393491,1609818675.0
2021-01-05 11:51:15,22.8916018,120.6393834,12.12,183,65.54,22.8909473,120.6393491,1609818675.0
2021-01-05 11:51:16,22.8915994,120.6393854,12.12,184,65.54,22.8909456,120.6393397,1609818676.0
2021-01-05 11:51:16,22.8915994,120.6393854,12.12,184,65.54,22.8909456,120.6393397,1609818676.0
2021-01-05 11:51:17,22.8915994,120.6393854,12.12,184,65.54,22.8909456,120.6393397,1609818677.0
2021-01-05 11:51:17,22.8915975,120.6393866,12.16,184,65.54,22.8909437,120.6393409,1609818677.0
2021-01-05 11:51:17,22.8915975,120.6393866,12.16,184,65.54,22.8909437,120.6393409,1609818677.0
2021-01-05 11:51:18,22.8915975,120.6393866,12.16,184,65.54,22.8909437,120.6393409,1609818678.0
2021-01-05 11:51:18,22.8915939,120.6393824,12.11,184,65.54,22.8909401,120.6393367,1609818678.0
2021-01-05 11:51:18,22.8915939,120.6393824,12.11,184,65.54,22.8909401,120.6393367,1609818678.0
2021-01-05 11:51:18,22.8915939,120.6393824,12.11,184,65.54,22.8909401,120.6393367,1609818678.0
2021-01-05 11:51:19,22.8915868,120.6393807,12.18,184,65.54,22.890933,120.639335,1609818679.0
2021-01-05 11:51:19,22.8915868,120.6393807,12.18,184,65.54,22.890933,120.639335,1609818679.0
2021-01-05 11:51:19,22.8915868,120.6393807,12.18,184,65.54,22.890933,120.639335,1609818679.0
2021-01-05 11:51:20,22.8915868,120.6393807,12.18,184,65.54,22.890933,120.639335,1609818680.0
2021-01-05 11:51:20,22.8915813,120.6393824,12.16,184,65.54,22.8909275,120.6393367,1609818680.0
2021-01-05 11:51:20,22.8915813,120.6393824,12.16,184,65.54,22.8909275,120.6393367,1609818680.0
2021-01-05 11:51:21,22.8915813,120.6393824,12.16,184,65.54,22.8909275,120.6393367,1609818681.0
2021-01-05 11:51:21,22.8915726,120.6393857,12.13,184,65.54,22.8909188,120.63934,1609818681.0
2021-01-05 11:51:21,22.8915726,120.6393857,12.13,184,65.54,22.8909188,120.63934,1609818681.0
2021-01-05 11:51:21,22.8915726,120.6393857,12.13,184,65.54,22.8909188,120.63934,1609818681.0
2021-01-05 11:51:22,22.8915639,120.6393861,12.19,183,65.54,22.8909094,120.6393518,1609818682.0
2021-01-05 11:51:22,22.8915639,120.6393861,12.19,183,65.54,22.8909094,120.6393518,1609818682.0
2021-01-05 11:51:22,22.8915639,120.6393861,12.19,183,65.54,22.8909094,120.6393518,1609818682.0
2021-01-05 11:51:23,22.8915639,120.6393861,12.19,183,65.54,22.8909094,120.6393518,1609818683.0
2021-01-05 11:51:23,22.8915600,120.6393883,11.89,184,65.54,22.8909062,120.6393426,1609818683.0
2021-01-05 11:51:23,22.8915600,120.6393883,11.89,184,65.54,22.8909062,120.6393426,1609818683.0
2021-01-05 11:51:24,22.8915600,120.6393883,11.89,184,65.54,22.8909062,120.6393426,1609818684.0
2021-01-05 11:51:24,22.8915587,120.6393909,11.85,183,65.54,22.8909042,120.6393566,1609818684.0
2021-01-05 11:51:24,22.8915587,120.6393909,11.85,183,65.54,22.8909042,120.6393566,1609818684.0
2021-01-05 11:51:24,22.8915587,120.6393909,11.85,183,65.54,22.8909042,120.6393566,1609818684.0
2021-01-05 11:51:25,22.8915579,120.6393883,11.8,184,65.54,22.8909041,120.6393426,1609818685.0
2021-01-05 11:51:25,22.8915579,120.6393883,11.8,184,65.54,22.8909041,120.6393426,1609818685.0
2021-01-05 11:51:26,22.8915579,120.6393883,11.8,184,51.0,22.8910492,120.6393527,1609818686.0
2021-01-05 11:51:26,22.8915572,120.6393869,11.79,184,65.54,22.8909034,120.6393412,1609818686.0
2021-01-05 11:51:26,22.8915572,120.6393869,11.79,184,65.54,22.8909034,120.6393412,1609818686.0
2021-01-05 11:51:27,22.8915572,120.6393869,11.79,184,65.54,22.8909034,120.6393412,1609818687.0
2021-01-05 11:51:27,22.8915547,120.6393853,11.68,184,8.16,22.8914733,120.6393796,1609818687.0
2021-01-05 11:51:27,22.8915547,120.6393853,11.68,184,6.8,22.8914869,120.6393806,1609818687.0
2021-01-05 11:51:28,22.8915547,120.6393853,11.68,184,6.31,22.8914918,120.6393809,1609818688.0
2021-01-05 11:51:28,22.8915496,120.6393832,11.66,183,43.71,22.8911131,120.6393603,1609818688.0
2021-01-05 11:51:28,22.8915496,120.6393832,11.66,183,65.54,22.8908951,120.6393489,1609818688.0
2021-01-05 11:51:28,22.8915496,120.6393832,11.66,183,65.54,22.8908951,120.6393489,1609818688.0
2021-01-05 11:51:29,22.8915496,120.6393832,11.66,183,61.2,22.8909385,120.6393512,1609818689.0
2021-01-05 11:51:29,22.8915438,120.6393866,11.55,185,51.0,22.8910358,120.6393422,1609818689.0
2021-01-05 11:51:29,22.8915438,120.6393866,11.55,185,5.42,22.8914899,120.6393819,1609818689.0
2021-01-05 11:51:30,22.8915438,120.6393866,11.55,185,4.86,22.8914954,120.6393824,1609818690.0
2021-01-05 11:51:30,22.8915415,120.6393813,11.54,183,4.43,22.8914972,120.639379,1609818690.0
2021-01-05 11:51:30,22.8915415,120.6393813,11.54,183,40.8,22.8911341,120.6393599,1609818690.0
2021-01-05 11:51:31,22.8915415,120.6393813,11.54,183,65.54,22.890887,120.639347,1609818691.0
2021-01-05 11:51:31,22.8915396,120.6393843,11.51,182,5.28,22.8914869,120.6393825,1609818691.0
2021-01-05 11:51:31,22.8915396,120.6393843,11.51,182,4.67,22.8914929,120.6393827,1609818691.0
2021-01-05 11:51:31,22.8915396,120.6393843,11.51,182,4.31,22.8914965,120.6393828,1609818691.0
2021-01-05 11:51:32,22.8915350,120.6393877,11.51,185,65.54,22.8908821,120.6393306,1609818692.0
2021-01-05 11:51:32,22.8915350,120.6393877,11.51,185,65.54,22.8908821,120.6393306,1609818692.0
2021-01-05 11:51:32,22.8915350,120.6393877,11.51,185,55.63,22.8909808,120.6393392,1609818692.0
2021-01-05 11:51:33,22.8915350,120.6393877,11.51,185,65.54,22.8908821,120.6393306,1609818693.0
2021-01-05 11:51:33,22.8915335,120.6393881,11.48,180,65.54,22.8908781,120.6393881,1609818693.0
2021-01-05 11:51:33,22.8915335,120.6393881,11.48,180,65.54,22.8908781,120.6393881,1609818693.0
2021-01-05 11:51:34,22.8915335,120.6393881,11.48,180,47.07,22.8910628,120.6393881,1609818694.0
2021-01-05 11:51:34,22.8915364,120.6393876,11.43,182,65.54,22.8908814,120.6393647,1609818694.0
2021-01-05 11:51:34,22.8915364,120.6393876,11.43,182,65.54,22.8908814,120.6393647,1609818694.0
2021-01-05 11:51:35,22.8915364,120.6393876,11.43,182,65.54,22.8908814,120.6393647,1609818695.0
2021-01-05 11:51:35,22.8915404,120.6393900,11.41,183,65.54,22.8908859,120.6393557,1609818695.0
2021-01-05 11:51:35,22.8915404,120.6393900,11.41,183,65.54,22.8908859,120.6393557,1609818695.0
2021-01-05 11:51:36,22.8915428,120.6393836,11.42,183,27.82,22.891265,120.639369,1609818696.0
2021-01-05 11:51:36,22.8915428,120.6393836,11.42,183,32.21,22.8912212,120.6393667,1609818696.0
2021-01-05 11:51:37,22.8915428,120.6393836,11.42,183,6.37,22.8914791,120.6393803,1609818697.0
2021-01-05 11:51:37,22.8915431,120.6393817,11.38,184,5.32,22.89149,120.639378,1609818697.0
2021-01-05 11:51:37,22.8915431,120.6393817,11.38,184,5.23,22.8914909,120.6393781,1609818697.0
2021-01-05 11:51:38,22.8915431,120.6393817,11.38,184,5.28,22.8914905,120.639378,1609818698.0
2021-01-05 11:51:38,22.8915432,120.6393836,11.3,184,8.5,22.8914584,120.6393777,1609818698.0
2021-01-05 11:51:38,22.8915432,120.6393836,11.3,184,7.03,22.891473,120.6393787,1609818698.0
2021-01-05 11:51:39,22.8915432,120.6393836,11.3,184,36.0,22.8911841,120.6393585,1609818699.0
2021-01-05 11:51:39,22.8915439,120.6393854,11.27,182,65.54,22.8908889,120.6393625,1609818699.0
2021-01-05 11:51:39,22.8915439,120.6393854,11.27,182,30.6,22.8912381,120.6393747,1609818699.0
2021-01-05 11:51:40,22.8915439,120.6393854,11.27,182,4.86,22.8914954,120.6393837,1609818700.0
2021-01-05 11:51:40,22.8915411,120.6393840,11.33,186,4.98,22.8914916,120.6393788,1609818700.0
2021-01-05 11:51:40,22.8915411,120.6393840,11.33,186,5.42,22.8914872,120.6393783,1609818700.0
2021-01-05 11:51:41,22.8915411,120.6393840,11.33,186,4.9,22.8914924,120.6393789,1609818701.0
2021-01-05 11:51:41,22.8915394,120.6393806,11.37,182,4.5,22.8914944,120.639379,1609818701.0
2021-01-05 11:51:41,22.8915394,120.6393806,11.37,182,4.05,22.8914989,120.6393792,1609818701.0
2021-01-05 11:51:42,22.8915394,120.6393806,11.37,182,4.03,22.8914992,120.6393792,1609818702.0
2021-01-05 11:51:42,22.8915386,120.6393857,11.36,186,4.86,22.8914903,120.6393806,1609818702.0
2021-01-05 11:51:42,22.8915386,120.6393857,11.36,186,47.07,22.8910704,120.6393365,1609818702.0
2021-01-05 11:51:42,22.8915386,120.6393857,11.36,186,61.2,22.89093,120.6393217,1609818702.0
2021-01-05 11:51:43,22.8915386,120.6393857,11.36,186,6.18,22.8914771,120.6393792,1609818703.0
2021-01-05 11:51:43,22.8915400,120.6393849,11.31,184,40.8,22.891133,120.6393564,1609818703.0
2021-01-05 11:51:43,22.8915400,120.6393849,11.31,184,0.0,22.89154,120.6393849,1609818703.0
2021-01-05 11:51:44,22.8915400,120.6393849,11.31,184,5.46,22.8914855,120.6393811,1609818704.0
2021-01-05 11:51:44,22.8915374,120.6393824,11.34,182,4.67,22.8914907,120.6393808,1609818704.0
2021-01-05 11:51:44,22.8915374,120.6393824,11.34,182,4.22,22.8914952,120.6393809,1609818704.0
2021-01-05 11:51:45,22.8915374,120.6393824,11.34,182,4.08,22.8914966,120.639381,1609818705.0
2021-01-05 11:51:45,22.8915334,120.6393838,11.38,184,4.0,22.8914935,120.639381,1609818705.0
2021-01-05 11:51:45,22.8915334,120.6393838,11.38,184,3.73,22.8914962,120.6393812,1609818705.0
2021-01-05 11:51:45,22.8915334,120.6393838,11.38,184,3.83,22.8914952,120.6393811,1609818705.0
2021-01-05 11:51:46,22.8915334,120.6393838,11.38,184,4.0,22.8914935,120.639381,1609818706.0
2021-01-05 11:51:46,22.8915333,120.6393850,11.3,183,55.63,22.8909777,120.6393559,1609818706.0
2021-01-05 11:51:46,22.8915333,120.6393850,11.3,183,3.9,22.8914944,120.639383,1609818706.0
2021-01-05 11:51:47,22.8915333,120.6393850,11.3,183,3.78,22.8914956,120.639383,1609818707.0
2021-01-05 11:51:47,22.8915351,120.6393863,11.27,183,36.0,22.8911756,120.6393675,1609818707.0
2021-01-05 11:51:47,22.8915351,120.6393863,11.27,183,43.71,22.8910986,120.6393634,1609818707.0
2021-01-05 11:51:48,22.8915351,120.6393863,11.27,183,65.54,22.8908806,120.639352,1609818708.0
2021-01-05 11:51:48,22.8915356,120.6393979,11.35,183,65.54,22.8908811,120.6393636,1609818708.0
2021-01-05 11:51:48,22.8915356,120.6393979,11.35,183,65.54,22.8908811,120.6393636,1609818708.0
2021-01-05 11:51:49,22.8915356,120.6393979,11.35,183,65.54,22.8908811,120.6393636,1609818709.0
2021-01-05 11:51:49,22.8915356,120.6393979,11.35,183,65.54,22.8908811,120.6393636,1609818709.0
2021-01-05 11:51:49,22.8915373,120.6393963,11.38,182,65.54,22.8908823,120.6393734,1609818709.0
2021-01-05 11:51:49,22.8915373,120.6393963,11.38,182,65.54,22.8908823,120.6393734,1609818709.0
2021-01-05 11:51:50,22.8915373,120.6393963,11.38,182,65.54,22.8908823,120.6393734,1609818710.0
2021-01-05 11:51:50,22.8915393,120.6393947,11.35,183,65.54,22.8908848,120.6393604,1609818710.0
2021-01-05 11:51:50,22.8915393,120.6393947,11.35,183,55.63,22.8909837,120.6393656,1609818710.0
2021-01-05 11:51:51,22.8915393,120.6393947,11.35,183,65.54,22.8908848,120.6393604,1609818711.0
2021-01-05 11:51:51,22.8915382,120.6393971,11.32,184,61.2,22.8909277,120.6393544,1609818711.0
2021-01-05 11:51:51,22.8915382,120.6393971,11.32,184,65.54,22.8908844,120.6393514,1609818711.0
2021-01-05 11:51:52,22.8915382,120.6393971,11.32,184,65.54,22.8908844,120.6393514,1609818712.0
2021-01-05 11:51:52,22.8915382,120.6393971,11.32,184,65.54,22.8908844,120.6393514,1609818712.0
2021-01-05 11:51:52,22.8915389,120.6393940,11.35,185,65.54,22.890886,120.6393369,1609818712.0
2021-01-05 11:51:52,22.8915389,120.6393940,11.35,185,65.54,22.890886,120.6393369,1609818712.0
2021-01-05 11:51:53,22.8915389,120.6393940,11.35,185,61.2,22.8909293,120.6393407,1609818713.0
2021-01-05 11:51:53,22.8915373,120.6393895,11.35,185,65.54,22.8908844,120.6393324,1609818713.0
2021-01-05 11:51:53,22.8915373,120.6393895,11.35,185,0.0,22.8915373,120.6393895,1609818713.0
2021-01-05 11:51:54,22.8915373,120.6393895,11.35,185,4.08,22.8914967,120.6393859,1609818714.0
2021-01-05 11:51:54,22.8915379,120.6393854,11.35,187,4.19,22.8914963,120.6393803,1609818714.0
2021-01-05 11:51:54,22.8915379,120.6393854,11.35,187,4.9,22.8914893,120.6393794,1609818714.0
2021-01-05 11:51:55,22.8915379,120.6393854,11.35,187,65.54,22.8908874,120.6393055,1609818715.0
2021-01-05 11:51:55,22.8915379,120.6393854,11.35,187,65.54,22.8908874,120.6393055,1609818715.0
2021-01-05 11:51:55,22.8915413,120.6393886,11.31,185,65.54,22.8908884,120.6393315,1609818715.0
2021-01-05 11:51:55,22.8915413,120.6393886,11.31,185,65.54,22.8908884,120.6393315,1609818715.0
2021-01-05 11:51:56,22.8915413,120.6393886,11.31,185,65.54,22.8908884,120.6393315,1609818716.0
2021-01-05 11:51:56,22.8915401,120.6393880,11.32,183,65.54,22.8908856,120.6393537,1609818716.0
2021-01-05 11:51:56,22.8915401,120.6393880,11.32,183,51.0,22.8910308,120.6393613,1609818716.0
2021-01-05 11:51:57,22.8915401,120.6393880,11.32,183,65.54,22.8908856,120.6393537,1609818717.0
2021-01-05 11:51:57,22.8915375,120.6393854,11.33,183,47.07,22.8910674,120.6393608,1609818717.0
2021-01-05 11:51:57,22.8915375,120.6393854,11.33,183,0.0,22.8915375,120.6393854,1609818717.0
2021-01-05 11:51:58,22.8915375,120.6393854,11.33,183,4.67,22.8914909,120.639383,1609818718.0
2021-01-05 11:51:58,22.8915375,120.6393854,11.33,183,4.28,22.8914948,120.6393832,1609818718.0
2021-01-05 11:51:58,22.8915369,120.6393838,11.33,181,4.57,22.8914912,120.639383,1609818718.0
2021-01-05 11:51:58,22.8915369,120.6393838,11.33,181,3.78,22.8914991,120.6393831,1609818718.0
2021-01-05 11:51:59,22.8915369,120.6393838,11.33,181,3.75,22.8914994,120.6393831,1609818719.0
2021-01-05 11:51:59,22.8915361,120.6393823,11.36,182,4.31,22.891493,120.6393808,1609818719.0
2021-01-05 11:51:59,22.8915361,120.6393823,11.36,182,18.0,22.8913562,120.639376,1609818719.0
2021-01-05 11:52:00,22.8915361,120.6393823,11.36,182,65.54,22.8908811,120.6393594,1609818720.0
2021-01-05 11:52:00,22.8915354,120.6393871,11.32,181,65.54,22.8908801,120.6393757,1609818720.0
2021-01-05 11:52:00,22.8915354,120.6393871,11.32,181,65.54,22.8908801,120.6393757,1609818720.0
2021-01-05 11:52:01,22.8915354,120.6393871,11.32,181,61.2,22.8909235,120.6393764,1609818721.0
2021-01-05 11:52:01,22.8915354,120.6393871,11.32,181,65.54,22.8908801,120.6393757,1609818721.0
2021-01-05 11:52:01,22.8915331,120.6393890,11.35,184,4.34,22.8914898,120.639386,1609818721.0
2021-01-05 11:52:02,22.8915331,120.6393890,11.35,184,3.64,22.8914968,120.6393865,1609818722.0
2021-01-05 11:52:02,22.8915331,120.6393890,11.35,184,3.75,22.8914957,120.6393864,1609818722.0
2021-01-05 11:52:02,22.8915311,120.6393852,11.36,184,3.66,22.8914945,120.6393826,1609818722.0
2021-01-05 11:52:03,22.8915311,120.6393852,11.36,184,3.46,22.8914966,120.6393828,1609818723.0
2021-01-05 11:52:03,22.8915340,120.6393805,11.33,184,3.69,22.8914972,120.6393779,1609818723.0
2021-01-05 11:52:03,22.8915340,120.6393805,11.33,184,3.92,22.8914949,120.6393778,1609818723.0
2021-01-05 11:52:04,22.8915340,120.6393805,11.33,184,3.97,22.8914944,120.6393777,1609818724.0
2021-01-05 11:52:04,22.8915365,120.6393794,11.34,183,3.87,22.8914978,120.6393774,1609818724.0
2021-01-05 11:52:04,22.8915365,120.6393794,11.34,183,3.97,22.8914968,120.6393773,1609818724.0
2021-01-05 11:52:05,22.8915365,120.6393794,11.34,183,4.57,22.8914909,120.639377,1609818725.0
2021-01-05 11:52:05,22.8915379,120.6393789,11.31,181,4.82,22.8914897,120.6393781,1609818725.0
2021-01-05 11:52:06,22.8915379,120.6393789,11.31,181,5.02,22.8914877,120.639378,1609818726.0
2021-01-05 11:52:06,22.8915379,120.6393789,11.31,181,61.2,22.890926,120.6393682,1609818726.0
2021-01-05 11:52:06,22.8915369,120.6393859,11.3,183,65.54,22.8908824,120.6393516,1609818726.0
2021-01-05 11:52:06,22.8915369,120.6393859,11.3,183,65.54,22.8908824,120.6393516,1609818726.0
2021-01-05 11:52:07,22.8915369,120.6393859,11.3,183,55.63,22.8909813,120.6393568,1609818727.0
2021-01-05 11:52:07,22.8915337,120.6393901,11.37,183,65.54,22.8908792,120.6393558,1609818727.0
2021-01-05 11:52:07,22.8915337,120.6393901,11.37,183,65.54,22.8908792,120.6393558,1609818727.0
2021-01-05 11:52:08,22.8915337,120.6393901,11.37,183,47.07,22.8910636,120.6393655,1609818728.0
2021-01-05 11:52:08,22.8915318,120.6393919,11.37,185,51.0,22.8910238,120.6393475,1609818728.0
2021-01-05 11:52:08,22.8915318,120.6393919,11.37,185,65.54,22.8908789,120.6393348,1609818728.0
2021-01-05 11:52:09,22.8915318,120.6393919,11.37,185,65.54,22.8908789,120.6393348,1609818729.0
2021-01-05 11:52:09,22.8915318,120.6393919,11.37,185,65.54,22.8908789,120.6393348,1609818729.0
2021-01-05 11:52:09,22.8915342,120.6393975,11.26,185,55.63,22.89098,120.639349,1609818729.0
2021-01-05 11:52:09,22.8915342,120.6393975,11.26,185,65.54,22.8908813,120.6393404,1609818729.0
2021-01-05 11:52:10,22.8915342,120.6393975,11.26,185,65.54,22.8908813,120.6393404,1609818730.0
2021-01-05 11:52:10,22.8915403,120.6393992,11.31,184,65.54,22.8908865,120.6393535,1609818730.0
2021-01-05 11:52:10,22.8915403,120.6393992,11.31,184,65.54,22.8908865,120.6393535,1609818730.0
2021-01-05 11:52:11,22.8915403,120.6393992,11.31,184,55.63,22.8909853,120.6393604,1609818731.0
2021-01-05 11:52:11,22.8915481,120.6394059,10.74,184,65.54,22.8908943,120.6393602,1609818731.0
2021-01-05 11:52:11,22.8915481,120.6394059,10.74,184,65.54,22.8908943,120.6393602,1609818731.0
2021-01-05 11:52:12,22.8915481,120.6394059,10.74,184,65.54,22.8908943,120.6393602,1609818732.0
2021-01-05 11:52:12,22.8915481,120.6394059,10.74,184,65.54,22.8908943,120.6393602,1609818732.0
2021-01-05 11:52:12,22.8915553,120.6394224,10.63,188,47.07,22.8910892,120.6393569,1609818732.0
2021-01-05 11:52:12,22.8915553,120.6394224,10.63,188,65.54,22.8909063,120.6393312,1609818732.0
2021-01-05 11:52:13,22.8915553,120.6394224,10.63,188,43.71,22.8911224,120.6393616,1609818733.0
2021-01-05 11:52:13,22.8915582,120.6394307,10.11,205,38.25,22.8912116,120.6392691,1609818733.0
2021-01-05 11:52:13,22.8915582,120.6394307,10.11,205,20.4,22.8913733,120.6393445,1609818733.0
2021-01-05 11:52:14,22.8915582,120.6394307,10.11,205,15.3,22.8914195,120.639366,1609818734.0
2021-01-05 11:52:14,22.8915571,120.6394331,9.68,220,14.23,22.8914481,120.6393416,1609818734.0
2021-01-05 11:52:14,22.8915571,120.6394331,9.68,220,12.49,22.8914614,120.6393528,1609818734.0
2021-01-05 11:52:15,22.8915571,120.6394331,9.68,220,10.93,22.8914734,120.6393629,1609818735.0
2021-01-05 11:52:15,22.8915571,120.6394331,9.68,220,10.93,22.8914734,120.6393629,1609818735.0
2021-01-05 11:52:15,22.8915498,120.6394397,9.08,227,14.23,22.8914527,120.6393356,1609818735.0
2021-01-05 11:52:16,22.8915498,120.6394397,9.08,227,12.75,22.8914629,120.6393465,1609818736.0
2021-01-05 11:52:16,22.8915498,120.6394397,9.08,227,10.74,22.8914766,120.6393612,1609818736.0
2021-01-05 11:52:16,22.8915379,120.6394490,8.57,234,9.87,22.8914799,120.6393692,1609818736.0
2021-01-05 11:52:16,22.8915379,120.6394490,8.57,234,10.37,22.8914769,120.6393651,1609818736.0
2021-01-05 11:52:17,22.8915379,120.6394490,8.57,234,10.74,22.8914748,120.6393621,1609818737.0
2021-01-05 11:52:17,22.8915301,120.6394586,7.99,247,10.74,22.8914882,120.6393598,1609818737.0
2021-01-05 11:52:17,22.8915301,120.6394586,7.99,247,11.13,22.8914866,120.6393562,1609818737.0
2021-01-05 11:52:18,22.8915301,120.6394586,7.99,247,11.13,22.8914866,120.6393562,1609818738.0
2021-01-05 11:52:18,22.8915301,120.6394586,7.99,247,10.93,22.8914874,120.639358,1609818738.0
2021-01-05 11:52:18,22.8915259,120.6394678,7.22,254,11.77,22.8914935,120.6393547,1609818738.0
2021-01-05 11:52:19,22.8915259,120.6394678,7.22,254,11.55,22.8914941,120.6393568,1609818739.0
2021-01-05 11:52:19,22.8915259,120.6394678,7.22,254,11.13,22.8914952,120.6393609,1609818739.0
2021-01-05 11:52:19,22.8915195,120.6394773,7.23,254,11.33,22.8914883,120.6393684,1609818739.0
2021-01-05 11:52:19,22.8915195,120.6394773,7.23,254,15.3,22.8914773,120.6393302,1609818739.0
2021-01-05 11:52:20,22.8915195,120.6394773,7.23,254,15.3,22.8914773,120.6393302,1609818740.0
2021-01-05 11:52:20,22.8915070,120.6394855,6.95,256,13.3,22.8914748,120.6393564,1609818740.0
2021-01-05 11:52:20,22.8915070,120.6394855,6.95,256,14.93,22.8914709,120.6393407,1609818740.0
2021-01-05 11:52:21,22.8915070,120.6394855,6.95,256,13.6,22.8914741,120.6393535,1609818741.0
2021-01-05 11:52:21,22.8914933,120.6394893,6.72,268,12.49,22.8914889,120.6393645,1609818741.0
2021-01-05 11:52:22,22.8914933,120.6394893,6.72,268,10.93,22.8914895,120.6393801,1609818742.0
2021-01-05 11:52:22,22.8914888,120.6394878,6.7,278,27.82,22.8915275,120.6392123,1609818742.0
2021-01-05 11:52:23,22.8914888,120.6394878,6.7,278,24.48,22.8915229,120.6392454,1609818743.0
2021-01-05 11:52:23,22.8914888,120.6394878,6.7,278,26.61,22.8915258,120.6392243,1609818743.0
2021-01-05 11:52:23,22.8914832,120.6394836,6.44,286,12.49,22.8915176,120.6393635,1609818743.0
2021-01-05 11:52:23,22.8914832,120.6394836,6.44,286,10.2,22.8915113,120.6393856,1609818743.0
2021-01-05 11:52:24,22.8914832,120.6394836,6.44,286,11.13,22.8915139,120.6393767,1609818744.0
2021-01-05 11:52:24,22.8914748,120.6394786,6.32,286,32.21,22.8915636,120.639169,1609818744.0
2021-01-05 11:52:24,22.8914748,120.6394786,6.32,286,10.03,22.8915025,120.6393822,1609818744.0
2021-01-05 11:52:25,22.8914748,120.6394786,6.32,286,9.71,22.8915016,120.6393852,1609818745.0
2021-01-05 11:52:25,22.8914703,120.6394744,6.31,285,9.13,22.8914939,120.6393862,1609818745.0
2021-01-05 11:52:26,22.8914703,120.6394744,6.31,285,9.42,22.8914947,120.6393835,1609818746.0
2021-01-05 11:52:26,22.8914703,120.6394744,6.31,285,9.42,22.8914947,120.6393835,1609818746.0
2021-01-05 11:52:26,22.8914694,120.6394717,6.31,286,9.27,22.891495,120.6393826,1609818746.0
2021-01-05 11:52:26,22.8914694,120.6394717,6.31,286,9.27,22.891495,120.6393826,1609818746.0
2021-01-05 11:52:27,22.8914694,120.6394717,6.31,286,9.42,22.8914954,120.6393812,1609818747.0
2021-01-05 11:52:27,22.8914694,120.6394715,6.32,286,10.03,22.8914971,120.6393751,1609818747.0
2021-01-05 11:52:27,22.8914694,120.6394715,6.32,286,9.56,22.8914958,120.6393796,1609818747.0
2021-01-05 11:52:28,22.8914694,120.6394715,6.32,286,9.56,22.8914958,120.6393796,1609818748.0
2021-01-05 11:52:28,22.8914748,120.6394763,6.36,286,12.49,22.8915092,120.6393562,1609818748.0
2021-01-05 11:52:29,22.8914748,120.6394763,6.36,286,21.86,22.891535,120.6392662,1609818749.0
2021-01-05 11:52:29,22.8914748,120.6394763,6.36,286,22.67,22.8915373,120.6392584,1609818749.0
2021-01-05 11:52:29,22.8914789,120.6394803,6.41,286,22.67,22.8915414,120.6392624,1609818749.0
2021-01-05 11:52:30,22.8914789,120.6394803,6.41,286,23.54,22.8915438,120.639254,1609818750.0
2021-01-05 11:52:30,22.8914794,120.6394828,6.35,286,23.54,22.8915443,120.6392565,1609818750.0
2021-01-05 11:52:30,22.8914794,120.6394828,6.35,286,22.67,22.8915419,120.6392649,1609818750.0
2021-01-05 11:52:31,22.8914794,120.6394828,6.35,286,25.5,22.8915497,120.6392377,1609818751.0
2021-01-05 11:52:31,22.8914803,120.6394815,6.34,286,30.6,22.8915646,120.6391874,1609818751.0
2021-01-05 11:52:31,22.8914803,120.6394815,6.34,286,13.6,22.8915178,120.6393508,1609818751.0
2021-01-05 11:52:32,22.8914803,120.6394815,6.34,286,11.33,22.8915115,120.6393726,1609818752.0
2021-01-05 11:52:32,22.8914803,120.6394815,6.34,286,13.91,22.8915186,120.6393478,1609818752.0
2021-01-05 11:52:32,22.8914806,120.6394789,6.32,286,20.4,22.8915368,120.6392828,1609818752.0
2021-01-05 11:52:33,22.8914806,120.6394789,6.32,286,19.74,22.891535,120.6392891,1609818753.0
2021-01-05 11:52:33,22.8914806,120.6394789,6.32,286,10.74,22.8915102,120.6393757,1609818753.0
2021-01-05 11:52:33,22.8914805,120.6394777,6.34,286,10.37,22.8915091,120.639378,1609818753.0
2021-01-05 11:52:33,22.8914805,120.6394777,6.34,286,9.56,22.8915069,120.6393858,1609818753.0
2021-01-05 11:52:34,22.8914805,120.6394777,6.34,286,10.93,22.8915106,120.6393727,1609818754.0
2021-01-05 11:52:34,22.8914831,120.6394772,6.32,286,23.54,22.891548,120.6392509,1609818754.0
2021-01-05 11:52:34,22.8914831,120.6394772,6.32,286,32.21,22.8915719,120.6391676,1609818754.0
2021-01-05 11:52:35,22.8914831,120.6394772,6.32,286,29.14,22.8915634,120.6391971,1609818755.0
2021-01-05 11:52:35,22.8914831,120.6394772,6.32,286,32.21,22.8915719,120.6391676,1609818755.0
2021-01-05 11:52:36,22.8914849,120.6394747,6.35,286,36.0,22.8915841,120.6391287,1609818756.0
2021-01-05 11:52:36,22.8914849,120.6394747,6.35,286,30.6,22.8915692,120.6391806,1609818756.0
2021-01-05 11:52:36,22.8914854,120.6394726,6.41,286,18.54,22.8915365,120.6392943,1609818756.0
2021-01-05 11:52:36,22.8914854,120.6394726,6.41,286,10.2,22.8915135,120.6393746,1609818756.0
2021-01-05 11:52:37,22.8914854,120.6394726,6.41,286,12.24,22.8915191,120.639355,1609818757.0
2021-01-05 11:52:37,22.8914837,120.6394678,6.51,286,29.14,22.891564,120.6391877,1609818757.0
2021-01-05 11:52:37,22.8914837,120.6394678,6.51,286,26.61,22.891557,120.639212,1609818757.0
2021-01-05 11:52:38,22.8914837,120.6394678,6.51,286,30.6,22.891568,120.6391737,1609818758.0
2021-01-05 11:52:38,22.8914837,120.6394678,6.51,286,38.25,22.8915891,120.6391001,1609818758.0
2021-01-05 11:52:38,22.8914857,120.6394660,6.6,287,36.0,22.8915909,120.6391218,1609818758.0
2021-01-05 11:52:39,22.8914857,120.6394660,6.6,287,32.21,22.8915799,120.639158,1609818759.0
2021-01-05 11:52:39,22.8914857,120.6394660,6.6,287,27.82,22.891567,120.6392,1609818759.0
2021-01-05 11:52:39,22.8914854,120.6394666,6.68,286,9.71,22.8915122,120.6393732,1609818759.0
2021-01-05 11:52:39,22.8914854,120.6394666,6.68,286,9.87,22.8915126,120.6393717,1609818759.0
2021-01-05 11:52:40,22.8914854,120.6394666,6.68,286,10.2,22.8915135,120.6393686,1609818760.0
2021-01-05 11:52:40,22.8914821,120.6394686,6.8,286,9.71,22.8915089,120.6393752,1609818760.0
2021-01-05 11:52:40,22.8914821,120.6394686,6.8,286,11.77,22.8915145,120.6393555,1609818760.0
2021-01-05 11:52:41,22.8914821,120.6394686,6.8,286,25.5,22.8915524,120.6392235,1609818761.0
2021-01-05 11:52:41,22.8914821,120.6394686,6.8,286,23.54,22.891547,120.6392423,1609818761.0
2021-01-05 11:52:41,22.8914828,120.6394700,6.86,286,24.48,22.8915503,120.6392347,1609818761.0
2021-01-05 11:52:42,22.8914828,120.6394700,6.86,286,29.14,22.8915631,120.6391899,1609818762.0
2021-01-05 11:52:42,22.8914828,120.6394700,6.86,286,43.71,22.8916033,120.6390498,1609818762.0
2021-01-05 11:52:42,22.8914849,120.6394693,6.94,287,22.67,22.8915512,120.6392526,1609818762.0
2021-01-05 11:52:43,22.8914849,120.6394693,6.94,287,8.62,22.8915101,120.6393869,1609818763.0
2021-01-05 11:52:43,22.8914849,120.6394693,6.94,287,8.62,22.8915101,120.6393869,1609818763.0
2021-01-05 11:52:43,22.8914830,120.6394634,7.1,288,10.37,22.8915151,120.6393648,1609818763.0
2021-01-05 11:52:43,22.8914830,120.6394634,7.1,288,10.2,22.8915145,120.6393664,1609818763.0
2021-01-05 11:52:44,22.8914830,120.6394634,7.1,288,10.2,22.8915145,120.6393664,1609818764.0
2021-01-05 11:52:44,22.8914824,120.6394609,7.15,286,7.03,22.8915018,120.6393933,1609818764.0
2021-01-05 11:52:45,22.8914824,120.6394609,7.15,286,6.88,22.8915014,120.6393948,1609818765.0
2021-01-05 11:52:45,22.8914824,120.6394609,7.15,286,7.03,22.8915018,120.6393933,1609818765.0
2021-01-05 11:52:45,22.8914795,120.6394589,7.38,287,6.88,22.8914996,120.6393931,1609818765.0
2021-01-05 11:52:46,22.8914795,120.6394589,7.38,287,7.03,22.8915001,120.6393916,1609818766.0
2021-01-05 11:52:46,22.8914795,120.6394589,7.38,287,6.8,22.8914994,120.6393939,1609818766.0
2021-01-05 11:52:46,22.8914771,120.6394552,7.54,286,6.65,22.8914954,120.6393913,1609818766.0
2021-01-05 11:52:46,22.8914771,120.6394552,7.54,286,6.8,22.8914958,120.6393898,1609818766.0
2021-01-05 11:52:47,22.8914771,120.6394552,7.54,286,6.44,22.8914949,120.6393933,1609818767.0
2021-01-05 11:52:47,22.8914741,120.6394530,7.83,287,6.44,22.8914929,120.6393914,1609818767.0
2021-01-05 11:52:47,22.8914741,120.6394530,7.83,287,6.65,22.8914935,120.6393894,1609818767.0
2021-01-05 11:52:48,22.8914741,120.6394530,7.83,287,6.31,22.8914925,120.6393927,1609818768.0
2021-01-05 11:52:48,22.8914741,120.6394530,7.83,287,6.58,22.8914933,120.6393901,1609818768.0
2021-01-05 11:52:48,22.8914769,120.6394532,8.08,286,6.51,22.8914948,120.6393906,1609818768.0
2021-01-05 11:52:49,22.8914769,120.6394532,8.08,286,6.58,22.891495,120.6393899,1609818769.0
2021-01-05 11:52:49,22.8914769,120.6394532,8.08,286,6.73,22.8914954,120.6393886,1609818769.0
2021-01-05 11:52:49,22.8914784,120.6394532,8.27,286,6.58,22.8914965,120.6393899,1609818769.0
2021-01-05 11:52:49,22.8914784,120.6394532,8.27,286,6.51,22.8914963,120.6393906,1609818769.0
2021-01-05 11:52:50,22.8914784,120.6394532,8.27,286,6.58,22.8914965,120.6393899,1609818770.0
2021-01-05 11:52:50,22.8914823,120.6394520,8.46,286,6.37,22.8914999,120.6393907,1609818770.0
2021-01-05 11:52:50,22.8914823,120.6394520,8.46,286,6.8,22.891501,120.6393866,1609818770.0
2021-01-05 11:52:51,22.8914823,120.6394520,8.46,286,6.44,22.8915001,120.6393901,1609818771.0
2021-01-05 11:52:51,22.8914823,120.6394520,8.46,286,6.0,22.8914988,120.6393943,1609818771.0
2021-01-05 11:52:51,22.8914846,120.6394508,8.53,285,6.37,22.8915011,120.6393892,1609818771.0
2021-01-05 11:52:52,22.8914846,120.6394508,8.53,285,6.06,22.8915003,120.6393923,1609818772.0
2021-01-05 11:52:52,22.8914846,120.6394508,8.53,285,5.72,22.8914994,120.6393956,1609818772.0
2021-01-05 11:52:52,22.8914774,120.6394497,8.67,286,6.0,22.8914939,120.639392,1609818772.0
2021-01-05 11:52:52,22.8914774,120.6394497,8.67,286,6.44,22.8914952,120.6393878,1609818772.0
2021-01-05 11:52:53,22.8914774,120.6394497,8.67,286,5.94,22.8914938,120.6393926,1609818773.0
2021-01-05 11:52:53,22.8914711,120.6394485,8.87,286,6.12,22.891488,120.6393897,1609818773.0
2021-01-05 11:52:53,22.8914711,120.6394485,8.87,286,6.12,22.891488,120.6393897,1609818773.0
2021-01-05 11:52:54,22.8914711,120.6394485,8.87,286,6.24,22.8914883,120.6393885,1609818774.0
2021-01-05 11:52:54,22.8914711,120.6394485,8.87,286,6.44,22.8914889,120.6393866,1609818774.0
2021-01-05 11:52:54,22.8914795,120.6394499,8.86,287,6.0,22.891497,120.6393925,1609818774.0
2021-01-05 11:52:55,22.8914795,120.6394499,8.86,287,6.31,22.8914979,120.6393896,1609818775.0
2021-01-05 11:52:55,22.8914795,120.6394499,8.86,287,6.12,22.8914974,120.6393914,1609818775.0
2021-01-05 11:52:55,22.8914865,120.6394482,8.85,286,6.06,22.8915032,120.63939,1609818775.0
2021-01-05 11:52:55,22.8914865,120.6394482,8.85,286,5.94,22.8915029,120.6393911,1609818775.0
2021-01-05 11:52:56,22.8914865,120.6394482,8.85,286,5.88,22.8915027,120.6393916,1609818776.0
2021-01-05 11:52:56,22.8914843,120.6394441,8.86,286,5.94,22.8915007,120.639387,1609818776.0
2021-01-05 11:52:56,22.8914843,120.6394441,8.86,286,6.0,22.8915008,120.6393864,1609818776.0
2021-01-05 11:52:57,22.8914843,120.6394441,8.86,286,5.56,22.8914996,120.6393906,1609818777.0
2021-01-05 11:52:57,22.8914843,120.6394441,8.86,286,5.94,22.8915007,120.639387,1609818777.0
2021-01-05 11:52:57,22.8914797,120.6394466,9.06,286,5.88,22.8914959,120.63939,1609818777.0
2021-01-05 11:52:58,22.8914797,120.6394466,9.06,286,5.77,22.8914956,120.6393911,1609818778.0
2021-01-05 11:52:58,22.8914797,120.6394466,9.06,286,5.46,22.8914948,120.6393941,1609818778.0
2021-01-05 11:52:58,22.8914856,120.6394479,9.14,284,5.46,22.8914988,120.6393949,1609818778.0
2021-01-05 11:52:59,22.8914856,120.6394479,9.14,284,5.19,22.8914981,120.6393976,1609818779.0
2021-01-05 11:52:59,22.8914856,120.6394479,9.14,284,5.23,22.8914983,120.6393972,1609818779.0
2021-01-05 11:52:59,22.8914866,120.6394417,9.16,287,4.57,22.8915,120.639398,1609818779.0
2021-01-05 11:52:59,22.8914866,120.6394417,9.16,287,4.6,22.8915001,120.6393977,1609818779.0
2021-01-05 11:53:00,22.8914866,120.6394417,9.16,287,4.5,22.8914998,120.6393987,1609818780.0
2021-01-05 11:53:00,22.8914866,120.6394417,9.16,287,4.74,22.8915005,120.6393963,1609818780.0
2021-01-05 11:53:00,22.8914816,120.6394398,9.23,286,4.74,22.8914947,120.6393942,1609818780.0
2021-01-05 11:53:01,22.8914816,120.6394398,9.23,286,4.67,22.8914945,120.6393949,1609818781.0
2021-01-05 11:53:01,22.8914816,120.6394398,9.23,286,4.82,22.8914949,120.6393935,1609818781.0
2021-01-05 11:53:01,22.8914855,120.6394412,9.07,284,4.31,22.8914959,120.6393994,1609818781.0
2021-01-05 11:53:02,22.8914855,120.6394412,9.07,284,4.31,22.8914959,120.6393994,1609818782.0
2021-01-05 11:53:02,22.8914855,120.6394412,9.07,284,4.53,22.8914965,120.6393972,1609818782.0
2021-01-05 11:53:02,22.8914753,120.6394427,9.04,286,4.67,22.8914882,120.6393978,1609818782.0
2021-01-05 11:53:02,22.8914753,120.6394427,9.04,286,4.6,22.891488,120.6393985,1609818782.0
2021-01-05 11:53:03,22.8914753,120.6394427,9.04,286,4.98,22.891489,120.6393949,1609818783.0
2021-01-05 11:53:03,22.8914720,120.6394452,9.01,286,5.56,22.8914873,120.6393917,1609818783.0
2021-01-05 11:53:04,22.8914720,120.6394452,9.01,286,6.06,22.8914887,120.639387,1609818784.0
2021-01-05 11:53:04,22.8914780,120.6394471,8.95,287,5.88,22.8914952,120.6393908,1609818784.0
2021-01-05 11:53:05,22.8914780,120.6394471,8.95,287,6.51,22.891497,120.6393848,1609818785.0
2021-01-05 11:53:05,22.8914780,120.6394471,8.95,287,6.65,22.8914974,120.6393835,1609818785.0
2021-01-05 11:53:05,22.8914738,120.6394506,8.76,284,6.58,22.8914897,120.6393868,1609818785.0
2021-01-05 11:53:06,22.8914738,120.6394506,8.76,284,6.95,22.8914906,120.6393831,1609818786.0
2021-01-05 11:53:06,22.8914738,120.6394506,8.76,284,6.8,22.8914902,120.6393846,1609818786.0
2021-01-05 11:53:06,22.8914633,120.6394550,8.84,277,8.16,22.8914732,120.639374,1609818786.0
2021-01-05 11:53:06,22.8914633,120.6394550,8.84,277,65.54,22.8915432,120.6388045,1609818786.0
2021-01-05 11:53:07,22.8914633,120.6394550,8.84,277,65.54,22.8915432,120.6388045,1609818787.0
2021-01-05 11:53:07,22.8914521,120.6394585,8.62,276,65.54,22.8915206,120.6388067,1609818787.0
2021-01-05 11:53:08,22.8914521,120.6394585,8.62,276,65.54,22.8915206,120.6388067,1609818788.0
2021-01-05 11:53:08,22.8914521,120.6394585,8.62,276,65.54,22.8915206,120.6388067,1609818788.0
2021-01-05 11:53:08,22.8914475,120.6394603,8.41,275,65.54,22.8915046,120.6388074,1609818788.0
2021-01-05 11:53:09,22.8914475,120.6394603,8.41,275,65.54,22.8915046,120.6388074,1609818789.0
2021-01-05 11:53:09,22.8914475,120.6394603,8.41,275,47.07,22.8914885,120.6389914,1609818789.0
2021-01-05 11:53:09,22.8914324,120.6394661,8.06,269,13.3,22.8914301,120.6393331,1609818789.0
2021-01-05 11:53:09,22.8914324,120.6394661,8.06,269,10.93,22.8914305,120.6393568,1609818789.0
2021-01-05 11:53:10,22.8914324,120.6394661,8.06,269,11.33,22.8914304,120.6393528,1609818790.0
2021-01-05 11:53:10,22.8914163,120.6394699,7.87,269,12.0,22.8914142,120.6393499,1609818790.0
2021-01-05 11:53:11,22.8914163,120.6394699,7.87,269,12.75,22.8914141,120.6393424,1609818791.0
2021-01-05 11:53:11,22.8914163,120.6394699,7.87,269,11.77,22.8914142,120.6393522,1609818791.0
2021-01-05 11:53:11,22.8914088,120.6394688,7.52,269,11.55,22.8914068,120.6393534,1609818791.0
2021-01-05 11:53:12,22.8914088,120.6394688,7.52,269,13.02,22.8914065,120.6393386,1609818792.0
2021-01-05 11:53:12,22.8914088,120.6394688,7.52,269,19.74,22.8914054,120.6392714,1609818792.0
2021-01-05 11:53:12,22.8914028,120.6394673,7.48,268,23.54,22.8913946,120.6392321,1609818792.0
2021-01-05 11:53:13,22.8914028,120.6394673,7.48,268,24.48,22.8913943,120.6392227,1609818793.0
2021-01-05 11:53:13,22.8914028,120.6394673,7.48,268,22.67,22.8913949,120.6392408,1609818793.0
2021-01-05 11:53:13,22.8913981,120.6394662,7.39,268,21.1,22.8913907,120.6392553,1609818793.0
2021-01-05 11:53:13,22.8913981,120.6394662,7.39,268,19.74,22.8913912,120.6392689,1609818793.0
2021-01-05 11:53:14,22.8913981,120.6394662,7.39,268,25.5,22.8913892,120.6392114,1609818794.0
2021-01-05 11:53:14,22.8913981,120.6394662,7.39,268,12.0,22.8913939,120.6393463,1609818794.0
2021-01-05 11:53:14,22.8913982,120.6394611,7.32,268,8.62,22.8913952,120.639375,1609818794.0
2021-01-05 11:53:15,22.8913982,120.6394611,7.32,268,10.74,22.8913945,120.6393538,1609818795.0
2021-01-05 11:53:15,22.8913982,120.6394611,7.32,268,16.1,22.8913926,120.6393002,1609818795.0
2021-01-05 11:53:15,22.8913978,120.6394580,7.38,268,13.3,22.8913932,120.6393251,1609818795.0
2021-01-05 11:53:16,22.8913978,120.6394580,7.38,268,8.62,22.8913948,120.6393719,1609818796.0
2021-01-05 11:53:16,22.8913978,120.6394580,7.38,268,9.56,22.8913945,120.6393624,1609818796.0
2021-01-05 11:53:16,22.8914004,120.6394533,7.34,268,8.62,22.8913974,120.6393672,1609818796.0
2021-01-05 11:53:16,22.8914004,120.6394533,7.34,268,9.71,22.891397,120.6393562,1609818796.0
2021-01-05 11:53:17,22.8914004,120.6394533,7.34,268,9.71,22.891397,120.6393562,1609818797.0
2021-01-05 11:53:17,22.8914004,120.6394533,7.34,268,9.42,22.8913971,120.6393592,1609818797.0
2021-01-05 11:53:17,22.8914015,120.6394502,7.0,268,9.13,22.8913983,120.6393589,1609818797.0
2021-01-05 11:53:18,22.8914015,120.6394502,7.0,268,8.87,22.8913984,120.6393616,1609818798.0
2021-01-05 11:53:18,22.8914015,120.6394502,7.0,268,9.0,22.8913984,120.6393603,1609818798.0
2021-01-05 11:53:18,22.8914010,120.6394498,6.96,268,8.87,22.8913979,120.6393612,1609818798.0
2021-01-05 11:53:19,22.8914010,120.6394498,6.96,268,8.87,22.8913979,120.6393612,1609818799.0
2021-01-05 11:53:19,22.8914010,120.6394498,6.96,268,11.33,22.891397,120.6393365,1609818799.0
2021-01-05 11:53:19,22.8913981,120.6394466,6.84,268,13.02,22.8913936,120.6393165,1609818799.0
2021-01-05 11:53:19,22.8913981,120.6394466,6.84,268,17.0,22.8913922,120.6392767,1609818799.0
2021-01-05 11:53:20,22.8913981,120.6394466,6.84,268,7.46,22.8913955,120.639372,1609818800.0
2021-01-05 11:53:20,22.8913981,120.6394466,6.84,268,7.03,22.8913956,120.6393763,1609818800.0
2021-01-05 11:53:20,22.8913993,120.6394403,6.79,268,0.0,22.8913993,120.6394403,1609818800.0
2021-01-05 11:53:21,22.8913993,120.6394403,6.79,268,6.18,22.8913971,120.6393785,1609818801.0
2021-01-05 11:53:21,22.8913993,120.6394403,6.79,268,6.18,22.8913971,120.6393785,1609818801.0
2021-01-05 11:53:21,22.8913983,120.6394361,6.77,268,6.65,22.891396,120.6393696,1609818801.0
2021-01-05 11:53:22,22.8913983,120.6394361,6.77,268,6.37,22.8913961,120.6393724,1609818802.0
2021-01-05 11:53:22,22.8913983,120.6394361,6.77,268,5.94,22.8913962,120.6393767,1609818802.0
2021-01-05 11:53:22,22.8913982,120.6394327,6.8,268,5.94,22.8913961,120.6393733,1609818802.0
2021-01-05 11:53:22,22.8913982,120.6394327,6.8,268,5.61,22.8913962,120.6393766,1609818802.0
2021-01-05 11:53:23,22.8913982,120.6394327,6.8,268,5.02,22.8913964,120.6393826,1609818803.0
2021-01-05 11:53:23,22.8913982,120.6394327,6.8,268,4.78,22.8913965,120.6393849,1609818803.0
2021-01-05 11:53:23,22.8914003,120.6394279,6.84,268,4.71,22.8913987,120.6393809,1609818803.0
2021-01-05 11:53:24,22.8914003,120.6394279,6.84,268,4.67,22.8913987,120.6393812,1609818804.0
2021-01-05 11:53:24,22.8914003,120.6394279,6.84,268,4.53,22.8913987,120.6393826,1609818804.0
2021-01-05 11:53:24,22.8913982,120.6394248,6.83,268,4.5,22.8913966,120.6393798,1609818804.0
2021-01-05 11:53:25,22.8913982,120.6394248,6.83,268,4.47,22.8913966,120.6393802,1609818805.0
2021-01-05 11:53:25,22.8913982,120.6394248,6.83,268,4.37,22.8913967,120.6393811,1609818805.0
2021-01-05 11:53:26,22.8913977,120.6394229,6.81,268,4.28,22.8913962,120.6393801,1609818806.0
2021-01-05 11:53:26,22.8913977,120.6394229,6.81,268,4.22,22.8913962,120.6393807,1609818806.0
2021-01-05 11:53:26,22.8913977,120.6394229,6.81,268,4.03,22.8913963,120.6393827,1609818806.0
2021-01-05 11:53:26,22.8913976,120.6394203,6.81,268,3.92,22.8913962,120.6393811,1609818806.0
2021-01-05 11:53:27,22.8913976,120.6394203,6.81,268,3.75,22.8913963,120.6393828,1609818807.0
2021-01-05 11:53:27,22.8913976,120.6394203,6.81,268,3.73,22.8913963,120.639383,1609818807.0
2021-01-05 11:53:27,22.8913987,120.6394166,6.78,268,3.44,22.8913975,120.6393822,1609818807.0
2021-01-05 11:53:28,22.8913987,120.6394166,6.78,268,3.29,22.8913976,120.6393837,1609818808.0
2021-01-05 11:53:28,22.8913987,120.6394166,6.78,268,3.24,22.8913976,120.6393842,1609818808.0
2021-01-05 11:53:28,22.8913982,120.6394142,6.8,268,3.19,22.8913971,120.6393823,1609818808.0
2021-01-05 11:53:29,22.8913982,120.6394142,6.8,268,3.15,22.8913971,120.6393827,1609818809.0
2021-01-05 11:53:29,22.8913982,120.6394142,6.8,268,3.0,22.8913972,120.6393842,1609818809.0
2021-01-05 11:53:29,22.8913983,120.6394131,6.79,268,2.73,22.8913973,120.6393858,1609818809.0
2021-01-05 11:53:30,22.8913983,120.6394131,6.79,268,2.76,22.8913973,120.6393855,1609818810.0
2021-01-05 11:53:30,22.8913983,120.6394131,6.79,268,2.79,22.8913973,120.6393852,1609818810.0
2021-01-05 11:53:30,22.8913969,120.6394152,6.81,268,2.77,22.8913959,120.6393875,1609818810.0
2021-01-05 11:53:31,22.8913969,120.6394152,6.81,268,2.93,22.8913959,120.6393859,1609818811.0
2021-01-05 11:53:31,22.8913969,120.6394152,6.81,268,2.93,22.8913959,120.6393859,1609818811.0
2021-01-05 11:53:31,22.8913967,120.6394148,6.78,268,2.9,22.8913957,120.6393858,1609818811.0
2021-01-05 11:53:32,22.8913967,120.6394148,6.78,268,2.79,22.8913957,120.6393869,1609818812.0
2021-01-05 11:53:32,22.8913967,120.6394148,6.78,268,2.7,22.8913958,120.6393879,1609818812.0
2021-01-05 11:53:32,22.8913988,120.6394116,6.79,268,2.67,22.8913979,120.6393849,1609818812.0
2021-01-05 11:53:32,22.8913988,120.6394116,6.79,268,2.7,22.8913979,120.6393847,1609818812.0
2021-01-05 11:53:33,22.8913988,120.6394116,6.79,268,2.73,22.8913978,120.6393843,1609818813.0
2021-01-05 11:53:33,22.8913988,120.6394116,6.79,268,2.72,22.8913979,120.6393844,1609818813.0
2021-01-05 11:53:33,22.8913974,120.6394117,6.8,268,2.72,22.8913965,120.6393845,1609818813.0
2021-01-05 11:53:34,22.8913974,120.6394117,6.8,268,2.77,22.8913964,120.639384,1609818814.0
2021-01-05 11:53:34,22.8913974,120.6394117,6.8,268,2.76,22.8913964,120.6393841,1609818814.0
2021-01-05 11:53:34,22.8913983,120.6394123,6.87,268,2.74,22.8913973,120.6393849,1609818814.0
2021-01-05 11:53:35,22.8913983,120.6394123,6.87,268,2.73,22.8913973,120.639385,1609818815.0
2021-01-05 11:53:35,22.8913983,120.6394123,6.87,268,2.68,22.8913974,120.6393855,1609818815.0
2021-01-05 11:53:35,22.8913971,120.6394116,7.05,268,2.7,22.8913962,120.6393847,1609818815.0
2021-01-05 11:53:36,22.8913971,120.6394116,7.05,268,2.43,22.8913963,120.6393873,1609818816.0
2021-01-05 11:53:36,22.8913971,120.6394116,7.05,268,2.19,22.8913963,120.6393898,1609818816.0
2021-01-05 11:53:36,22.8913971,120.6394116,7.05,268,2.14,22.8913964,120.6393902,1609818816.0
2021-01-05 11:53:36,22.8913962,120.6394082,7.11,267,2.13,22.8913951,120.639387,1609818816.0
2021-01-05 11:53:37,22.8913962,120.6394082,7.11,267,2.09,22.8913951,120.6393873,1609818817.0
2021-01-05 11:53:37,22.8913962,120.6394082,7.11,267,2.12,22.8913951,120.6393871,1609818817.0
2021-01-05 11:53:37,22.8913967,120.6394075,7.24,268,2.14,22.891396,120.6393861,1609818817.0
2021-01-05 11:53:38,22.8913967,120.6394075,7.24,268,2.28,22.8913959,120.6393847,1609818818.0
2021-01-05 11:53:38,22.8913967,120.6394075,7.24,268,2.44,22.8913958,120.6393831,1609818818.0
2021-01-05 11:53:38,22.8913956,120.6394094,7.31,268,2.49,22.8913947,120.6393845,1609818818.0
2021-01-05 11:53:39,22.8913956,120.6394094,7.31,268,2.45,22.8913947,120.6393849,1609818819.0
2021-01-05 11:53:39,22.8913956,120.6394094,7.31,268,2.53,22.8913947,120.6393841,1609818819.0
2021-01-05 11:53:39,22.8913956,120.6394094,7.31,268,2.7,22.8913947,120.6393825,1609818819.0
2021-01-05 11:53:39,22.8913981,120.6394116,7.43,269,2.86,22.8913976,120.639383,1609818819.0
2021-01-05 11:53:40,22.8913981,120.6394116,7.43,269,3.12,22.8913976,120.6393804,1609818820.0
2021-01-05 11:53:40,22.8913981,120.6394116,7.43,269,3.17,22.8913975,120.6393799,1609818820.0
2021-01-05 11:53:40,22.8913943,120.6394138,7.44,268,3.15,22.8913932,120.6393823,1609818820.0
2021-01-05 11:53:41,22.8913943,120.6394138,7.44,268,2.97,22.8913933,120.6393841,1609818821.0
2021-01-05 11:53:41,22.8913943,120.6394138,7.44,268,2.79,22.8913933,120.6393859,1609818821.0
2021-01-05 11:53:41,22.8913942,120.6394115,7.41,268,2.71,22.8913933,120.6393844,1609818821.0
2021-01-05 11:53:42,22.8913942,120.6394115,7.41,268,2.66,22.8913933,120.6393849,1609818822.0
2021-01-05 11:53:42,22.8913942,120.6394115,7.41,268,2.77,22.8913932,120.6393838,1609818822.0
2021-01-05 11:53:42,22.8913942,120.6394115,7.41,268,2.79,22.8913932,120.6393836,1609818822.0
2021-01-05 11:53:42,22.8913963,120.6394116,7.39,268,2.81,22.8913953,120.6393835,1609818822.0
2021-01-05 11:53:43,22.8913963,120.6394116,7.39,268,2.76,22.8913953,120.639384,1609818823.0
2021-01-05 11:53:43,22.8913963,120.6394116,7.39,268,2.74,22.8913953,120.6393842,1609818823.0
2021-01-05 11:53:43,22.8913967,120.6394120,7.41,268,2.79,22.8913957,120.6393841,1609818823.0
2021-01-05 11:53:44,22.8913967,120.6394120,7.41,268,2.79,22.8913957,120.6393841,1609818824.0
2021-01-05 11:53:44,22.8913967,120.6394120,7.41,268,2.56,22.8913958,120.6393864,1609818824.0
2021-01-05 11:53:44,22.8913950,120.6394094,7.4,268,2.35,22.8913942,120.6393859,1609818824.0
2021-01-05 11:53:45,22.8913950,120.6394094,7.4,268,2.2,22.8913942,120.6393874,1609818825.0
2021-01-05 11:53:45,22.8913950,120.6394094,7.4,268,2.07,22.8913943,120.6393887,1609818825.0
2021-01-05 11:53:46,22.8913959,120.6394063,7.41,268,2.1,22.8913952,120.6393854,1609818826.0
2021-01-05 11:53:46,22.8913959,120.6394063,7.41,268,2.15,22.8913952,120.6393848,1609818826.0
2021-01-05 11:53:46,22.8913959,120.6394063,7.41,268,2.28,22.8913951,120.6393835,1609818826.0
2021-01-05 11:53:46,22.8913958,120.6394075,7.43,268,2.44,22.8913949,120.6393831,1609818826.0
2021-01-05 11:53:47,22.8913958,120.6394075,7.43,268,2.67,22.8913949,120.6393808,1609818827.0
2021-01-05 11:53:47,22.8913958,120.6394075,7.43,268,2.83,22.8913948,120.6393792,1609818827.0
2021-01-05 11:53:47,22.8913930,120.6394117,7.41,268,3.12,22.8913919,120.6393805,1609818827.0
2021-01-05 11:53:48,22.8913930,120.6394117,7.41,268,3.34,22.8913918,120.6393783,1609818828.0
2021-01-05 11:53:48,22.8913930,120.6394117,7.41,268,3.69,22.8913917,120.6393749,1609818828.0
2021-01-05 11:53:48,22.8913932,120.6394186,7.39,267,3.92,22.8913911,120.6393794,1609818828.0
2021-01-05 11:53:49,22.8913932,120.6394186,7.39,267,4.11,22.8913911,120.6393776,1609818829.0
2021-01-05 11:53:49,22.8913932,120.6394186,7.39,267,4.5,22.8913908,120.6393737,1609818829.0
2021-01-05 11:53:49,22.8913932,120.6394186,7.39,267,4.67,22.8913908,120.639372,1609818829.0
2021-01-05 11:53:49,22.8913969,120.6394263,7.42,269,4.86,22.8913961,120.6393777,1609818829.0
2021-01-05 11:53:50,22.8913969,120.6394263,7.42,269,5.06,22.891396,120.6393757,1609818830.0
2021-01-05 11:53:50,22.8913969,120.6394263,7.42,269,5.1,22.891396,120.6393753,1609818830.0
2021-01-05 11:53:50,22.8914010,120.6394336,7.48,271,5.56,22.891402,120.639378,1609818830.0
2021-01-05 11:53:51,22.8914010,120.6394336,7.48,271,5.56,22.891402,120.639378,1609818831.0
2021-01-05 11:53:51,22.8914010,120.6394336,7.48,271,5.94,22.891402,120.6393742,1609818831.0
2021-01-05 11:53:52,22.8914069,120.6394413,7.54,285,65.54,22.8915765,120.6388083,1609818832.0
2021-01-05 11:53:52,22.8914069,120.6394413,7.54,285,65.54,22.8915765,120.6388083,1609818832.0
2021-01-05 11:53:52,22.8914069,120.6394413,7.54,285,65.54,22.8915765,120.6388083,1609818832.0
2021-01-05 11:53:52,22.8914178,120.6394512,7.56,301,65.54,22.8917553,120.6388895,1609818832.0
2021-01-05 11:53:53,22.8914178,120.6394512,7.56,301,27.82,22.8915611,120.6392128,1609818833.0
2021-01-05 11:53:53,22.8914178,120.6394512,7.56,301,9.0,22.8914641,120.6393741,1609818833.0
2021-01-05 11:53:53,22.8914303,120.6394574,7.58,317,9.13,22.8914971,120.6393951,1609818833.0
2021-01-05 11:53:54,22.8914303,120.6394574,7.58,317,9.13,22.8914971,120.6393951,1609818834.0
2021-01-05 11:53:54,22.8914303,120.6394574,7.58,317,9.27,22.8914981,120.6393942,1609818834.0
2021-01-05 11:53:54,22.8914468,120.6394608,7.58,330,65.54,22.8920143,120.6391331,1609818834.0
2021-01-05 11:53:55,22.8914468,120.6394608,7.58,330,61.2,22.8919768,120.6391548,1609818835.0
2021-01-05 11:53:55,22.8914468,120.6394608,7.58,330,65.54,22.8920143,120.6391331,1609818835.0
2021-01-05 11:53:55,22.8914468,120.6394608,7.58,330,65.54,22.8920143,120.6391331,1609818835.0
2021-01-05 11:53:55,22.8914656,120.6394619,7.65,332,65.54,22.8920442,120.6391542,1609818835.0
2021-01-05 11:53:56,22.8914656,120.6394619,7.65,332,65.54,22.8920442,120.6391542,1609818836.0
2021-01-05 11:53:56,22.8914656,120.6394619,7.65,332,61.2,22.8920059,120.6391746,1609818836.0
2021-01-05 11:53:56,22.8914889,120.6394653,7.62,331,65.54,22.8920621,120.6391476,1609818836.0
2021-01-05 11:53:57,22.8914889,120.6394653,7.62,331,65.54,22.8920621,120.6391476,1609818837.0
2021-01-05 11:53:57,22.8914889,120.6394653,7.62,331,55.63,22.8919755,120.6391956,1609818837.0
2021-01-05 11:53:57,22.8915171,120.6394701,7.63,331,36.0,22.8918319,120.6392956,1609818837.0
2021-01-05 11:53:58,22.8915171,120.6394701,7.63,331,32.21,22.8917988,120.639314,1609818838.0
2021-01-05 11:53:58,22.8915171,120.6394701,7.63,331,38.25,22.8918516,120.6392847,1609818838.0
2021-01-05 11:53:59,22.8915391,120.6394741,7.58,329,36.0,22.8918477,120.6392887,1609818839.0
2021-01-05 11:53:59,22.8915391,120.6394741,7.58,329,34.0,22.8918305,120.639299,1609818839.0
2021-01-05 11:54:00,22.8915604,120.6394759,6.87,324,34.0,22.8918354,120.6392761,1609818840.0
2021-01-05 11:54:00,22.8915604,120.6394759,6.87,324,30.6,22.8918079,120.639296,1609818840.0
2021-01-05 11:54:00,22.8915604,120.6394759,6.87,324,36.0,22.8918516,120.6392643,1609818840.0
2021-01-05 11:54:00,22.8915547,120.6394587,7.43,315,36.0,22.8918092,120.6392042,1609818840.0
2021-01-05 11:54:01,22.8915547,120.6394587,7.43,315,43.71,22.8918638,120.6391496,1609818841.0
2021-01-05 11:54:01,22.8915547,120.6394587,7.43,315,61.2,22.8919874,120.639026,1609818841.0
2021-01-05 11:54:01,22.8915672,120.6394489,7.14,299,65.54,22.8918849,120.6388757,1609818841.0
2021-01-05 11:54:02,22.8915672,120.6394489,7.14,299,65.54,22.8918849,120.6388757,1609818842.0
2021-01-05 11:54:02,22.8915672,120.6394489,7.14,299,61.2,22.8918639,120.6389137,1609818842.0
2021-01-05 11:54:02,22.8915906,120.6394474,6.54,292,65.54,22.8918361,120.6388398,1609818842.0
2021-01-05 11:54:03,22.8915906,120.6394474,6.54,292,47.07,22.8917669,120.6390109,1609818843.0
2021-01-05 11:54:03,22.8915906,120.6394474,6.54,292,40.8,22.8917434,120.6390691,1609818843.0
2021-01-05 11:54:03,22.8915906,120.6394474,6.54,292,65.54,22.8918361,120.6388398,1609818843.0
2021-01-05 11:54:03,22.8916010,120.6394443,6.22,288,51.0,22.8917586,120.6389593,1609818843.0
2021-01-05 11:54:04,22.8916010,120.6394443,6.22,288,65.54,22.8918035,120.638821,1609818844.0
2021-01-05 11:54:04,22.8916010,120.6394443,6.22,288,55.63,22.8917729,120.6389152,1609818844.0
2021-01-05 11:54:04,22.8916072,120.6394345,5.82,287,43.71,22.891735,120.6390165,1609818844.0
2021-01-05 11:54:05,22.8916072,120.6394345,5.82,287,47.07,22.8917448,120.6389843,1609818845.0
2021-01-05 11:54:05,22.8916072,120.6394345,5.82,287,43.71,22.891735,120.6390165,1609818845.0
2021-01-05 11:54:05,22.8916141,120.6394248,5.36,287,43.71,22.8917419,120.6390068,1609818845.0
2021-01-05 11:54:06,22.8916141,120.6394248,5.36,287,23.54,22.8916829,120.6391997,1609818846.0
2021-01-05 11:54:06,22.8916141,120.6394248,5.36,287,51.0,22.8917632,120.6389371,1609818846.0
2021-01-05 11:54:06,22.8916141,120.6394248,5.36,287,32.21,22.8917083,120.6391168,1609818846.0
2021-01-05 11:54:06,22.8916174,120.6394148,5.01,287,21.86,22.8916813,120.6392058,1609818846.0
2021-01-05 11:54:07,22.8916174,120.6394148,5.01,287,22.67,22.8916837,120.6391981,1609818847.0
2021-01-05 11:54:07,22.8916174,120.6394148,5.01,287,26.61,22.8916952,120.6391604,1609818847.0
2021-01-05 11:54:07,22.8916182,120.6394018,4.61,287,23.54,22.891687,120.6391767,1609818847.0
2021-01-05 11:54:08,22.8916182,120.6394018,4.61,287,20.4,22.8916778,120.6392067,1609818848.0
2021-01-05 11:54:08,22.8916182,120.6394018,4.61,287,23.54,22.891687,120.6391767,1609818848.0
2021-01-05 11:54:08,22.8916182,120.6393856,4.11,286,21.1,22.8916764,120.6391828,1609818848.0
2021-01-05 11:54:09,22.8916182,120.6393856,4.11,286,23.54,22.8916831,120.6391593,1609818849.0
2021-01-05 11:54:09,22.8916182,120.6393856,4.11,286,14.57,22.8916584,120.6392455,1609818849.0
2021-01-05 11:54:09,22.8916182,120.6393856,4.11,286,19.12,22.8916709,120.6392018,1609818849.0
2021-01-05 11:54:09,22.8916194,120.6393658,3.49,286,23.54,22.8916843,120.6391395,1609818849.0
2021-01-05 11:54:10,22.8916194,120.6393658,3.49,286,17.48,22.8916676,120.6391977,1609818850.0
2021-01-05 11:54:10,22.8916194,120.6393658,3.49,286,38.25,22.8917248,120.6389981,1609818850.0
2021-01-05 11:54:10,22.8916206,120.6393468,3.07,286,22.67,22.8916831,120.6391289,1609818850.0
2021-01-05 11:54:11,22.8916206,120.6393468,3.07,286,21.1,22.8916788,120.639144,1609818851.0
2021-01-05 11:54:11,22.8916206,120.6393468,3.07,286,32.21,22.8917094,120.6390372,1609818851.0
2021-01-05 11:54:11,22.8916201,120.6393304,2.59,285,23.54,22.891681,120.6391031,1609818851.0
2021-01-05 11:54:12,22.8916201,120.6393304,2.59,285,20.4,22.8916729,120.6391334,1609818852.0
2021-01-05 11:54:12,22.8916201,120.6393304,2.59,285,23.54,22.891681,120.6391031,1609818852.0
2021-01-05 11:54:12,22.8916201,120.6393304,2.59,285,21.86,22.8916767,120.6391193,1609818852.0
2021-01-05 11:54:13,22.8916181,120.6393180,2.23,287,19.74,22.8916758,120.6391292,1609818853.0
2021-01-05 11:54:13,22.8916181,120.6393180,2.23,287,20.4,22.8916777,120.6391229,1609818853.0
2021-01-05 11:54:13,22.8916181,120.6393180,2.23,287,15.69,22.891664,120.6391679,1609818853.0
2021-01-05 11:54:13,22.8916187,120.6393068,1.96,286,21.1,22.8916769,120.639104,1609818853.0
2021-01-05 11:54:14,22.8916187,120.6393068,1.96,286,18.0,22.8916683,120.6391338,1609818854.0
2021-01-05 11:54:14,22.8916187,120.6393068,1.96,286,19.12,22.8916714,120.639123,1609818854.0
2021-01-05 11:54:14,22.8916204,120.6392961,1.62,287,12.75,22.8916577,120.6391742,1609818854.0
2021-01-05 11:54:15,22.8916204,120.6392961,1.62,287,13.91,22.8916611,120.6391631,1609818855.0
2021-01-05 11:54:15,22.8916204,120.6392961,1.62,287,13.3,22.8916593,120.6391689,1609818855.0
2021-01-05 11:54:16,22.8916244,120.6392884,1.39,287,13.02,22.8916625,120.6391639,1609818856.0
2021-01-05 11:54:16,22.8916244,120.6392884,1.39,287,15.3,22.8916691,120.6391421,1609818856.0
2021-01-05 11:54:16,22.8916244,120.6392884,1.39,287,12.75,22.8916617,120.6391665,1609818856.0
2021-01-05 11:54:16,22.8916299,120.6392800,1.12,286,9.87,22.8916571,120.6391851,1609818856.0
2021-01-05 11:54:17,22.8916299,120.6392800,1.12,286,11.77,22.8916623,120.6391669,1609818857.0
2021-01-05 11:54:17,22.8916299,120.6392800,1.12,286,10.93,22.89166,120.639175,1609818857.0
2021-01-05 11:54:17,22.8916297,120.6392705,0.75,281,10.2,22.8916492,120.6391704,1609818857.0
2021-01-05 11:54:18,22.8916297,120.6392705,0.75,281,8.62,22.8916461,120.6391859,1609818858.0
2021-01-05 11:54:18,22.8916297,120.6392705,0.75,281,8.05,22.8916451,120.6391915,1609818858.0
2021-01-05 11:54:19,22.8916278,120.6392632,0.42,281,10.93,22.8916487,120.6391559,1609818859.0
2021-01-05 11:54:19,22.8916278,120.6392632,0.42,281,7.03,22.8916412,120.6391942,1609818859.0
2021-01-05 11:54:19,22.8916278,120.6392632,0.42,281,7.2,22.8916415,120.6391925,1609818859.0
2021-01-05 11:54:19,22.8916308,120.6392572,0.36,281,7.03,22.8916442,120.6391882,1609818859.0
2021-01-05 11:54:20,22.8916308,120.6392572,0.36,281,5.83,22.8916419,120.6392,1609818860.0
2021-01-05 11:54:20,22.8916308,120.6392572,0.36,281,5.46,22.8916412,120.6392036,1609818860.0
2021-01-05 11:54:20,22.8916316,120.6392529,0.35,281,5.46,22.891642,120.6391993,1609818860.0
2021-01-05 11:54:21,22.8916316,120.6392529,0.35,281,7.85,22.8916466,120.6391759,1609818861.0
2021-01-05 11:54:21,22.8916316,120.6392529,0.35,281,8.74,22.8916483,120.6391671,1609818861.0
2021-01-05 11:54:21,22.8916284,120.6392464,0.23,283,10.03,22.891651,120.6391487,1609818861.0
2021-01-05 11:54:22,22.8916284,120.6392464,0.23,283,11.33,22.8916539,120.639136,1609818862.0
2021-01-05 11:54:22,22.8916284,120.6392464,0.23,283,6.37,22.8916427,120.6391843,1609818862.0
2021-01-05 11:54:22,22.8916284,120.6392464,0.23,283,7.75,22.8916458,120.6391709,1609818862.0
2021-01-05 11:54:22,22.8916272,120.6392444,0.03,280,9.27,22.8916433,120.6391531,1609818862.0
2021-01-05 11:54:23,22.8916272,120.6392444,0.03,280,4.78,22.8916355,120.6391973,1609818863.0
2021-01-05 11:54:23,22.8916272,120.6392444,0.03,280,3.85,22.8916339,120.6392065,1609818863.0
2021-01-05 11:54:23,22.8916291,120.6392457,-0.03,280,3.97,22.891636,120.6392066,1609818863.0
2021-01-05 11:54:24,22.8916291,120.6392457,-0.03,280,3.66,22.8916355,120.6392096,1609818864.0
2021-01-05 11:54:24,22.8916291,120.6392457,-0.03,280,3.22,22.8916347,120.639214,1609818864.0
2021-01-05 11:54:24,22.8916253,120.6392440,-0.1,279,3.46,22.8916307,120.6392099,1609818864.0
2021-01-05 11:54:25,22.8916253,120.6392440,-0.1,279,2.59,22.8916294,120.6392184,1609818865.0
2021-01-05 11:54:25,22.8916253,120.6392440,-0.1,279,2.16,22.8916287,120.6392227,1609818865.0
2021-01-05 11:54:25,22.8916253,120.6392440,-0.1,279,2.01,22.8916284,120.6392241,1609818865.0
2021-01-05 11:54:26,22.8916267,120.6392440,-0.15,280,1.88,22.89163,120.6392255,1609818866.0
2021-01-05 11:54:26,22.8916267,120.6392440,-0.15,280,1.8,22.8916298,120.6392263,1609818866.0
2021-01-05 11:54:26,22.8916267,120.6392440,-0.15,280,2.11,22.8916304,120.6392232,1609818866.0
2021-01-05 11:54:26,22.8916255,120.6392447,-0.33,281,2.06,22.8916294,120.6392245,1609818866.0
2021-01-05 11:54:27,22.8916255,120.6392447,-0.33,281,2.19,22.8916297,120.6392232,1609818867.0
2021-01-05 11:54:27,22.8916255,120.6392447,-0.33,281,2.35,22.89163,120.6392217,1609818867.0
2021-01-05 11:54:27,22.8916245,120.6392454,-0.29,281,2.62,22.8916295,120.6392197,1609818867.0
2021-01-05 11:54:28,22.8916245,120.6392454,-0.29,281,2.64,22.8916295,120.6392195,1609818868.0
2021-01-05 11:54:28,22.8916245,120.6392454,-0.29,281,2.83,22.8916299,120.6392176,1609818868.0
2021-01-05 11:54:28,22.8916245,120.6392454,-0.29,281,2.83,22.8916299,120.6392176,1609818868.0
2021-01-05 11:54:29,22.8916234,120.6392442,-0.24,281,2.99,22.8916291,120.6392149,1609818869.0
2021-01-05 11:54:29,22.8916234,120.6392442,-0.24,281,2.74,22.8916286,120.6392173,1609818869.0
2021-01-05 11:54:29,22.8916234,120.6392442,-0.24,281,2.83,22.8916288,120.6392164,1609818869.0
2021-01-05 11:54:29,22.8916236,120.6392417,-0.23,280,3.46,22.8916296,120.6392077,1609818869.0
2021-01-05 11:54:30,22.8916236,120.6392417,-0.23,280,3.22,22.8916292,120.63921,1609818870.0
2021-01-05 11:54:30,22.8916236,120.6392417,-0.23,280,3.17,22.8916291,120.6392105,1609818870.0
2021-01-05 11:54:30,22.8916248,120.6392385,-0.44,280,3.24,22.8916304,120.6392066,1609818870.0
2021-01-05 11:54:31,22.8916248,120.6392385,-0.44,280,2.82,22.8916297,120.6392107,1609818871.0
2021-01-05 11:54:31,22.8916248,120.6392385,-0.44,280,2.35,22.8916289,120.6392154,1609818871.0
2021-01-05 11:54:31,22.8916248,120.6392385,-0.44,280,1.22,22.8916269,120.6392265,1609818871.0
2021-01-05 11:54:32,22.8916239,120.6392353,-0.6,280,0.0,22.8916239,120.6392353,1609818872.0
2021-01-05 11:54:32,22.8916239,120.6392353,-0.6,280,0.0,22.8916239,120.6392353,1609818872.0
2021-01-05 11:54:32,22.8916239,120.6392353,-0.6,280,0.0,22.8916239,120.6392353,1609818872.0
2021-01-05 11:54:32,22.8916237,120.6392349,-0.66,281,0.0,22.8916237,120.6392349,1609818872.0
2021-01-05 11:54:33,22.8916237,120.6392349,-0.66,281,0.0,22.8916237,120.6392349,1609818873.0
2021-01-05 11:54:33,22.8916237,120.6392349,-0.66,281,0.0,22.8916237,120.6392349,1609818873.0
2021-01-05 11:54:33,22.8916234,120.6392343,-0.65,281,0.66,22.8916247,120.6392278,1609818873.0
2021-01-05 11:54:34,22.8916234,120.6392343,-0.65,281,0.64,22.8916246,120.639228,1609818874.0
2021-01-05 11:54:34,22.8916234,120.6392343,-0.65,281,0.65,22.8916246,120.6392279,1609818874.0
2021-01-05 11:54:34,22.8916234,120.6392343,-0.65,281,0.65,22.8916246,120.639228,1609818874.0
2021-01-05 11:54:35,22.8916231,120.6392346,-0.75,281,0.66,22.8916244,120.6392281,1609818875.0
2021-01-05 11:54:35,22.8916231,120.6392346,-0.75,281,0.66,22.8916244,120.6392281,1609818875.0
2021-01-05 11:54:35,22.8916231,120.6392346,-0.75,281,0.65,22.8916243,120.6392282,1609818875.0
2021-01-05 11:54:35,22.8916229,120.6392340,-0.78,281,0.65,22.8916241,120.6392277,1609818875.0
2021-01-05 11:54:36,22.8916229,120.6392340,-0.78,281,0.66,22.8916242,120.6392276,1609818876.0
2021-01-05 11:54:36,22.8916229,120.6392340,-0.78,281,0.68,22.8916242,120.6392274,1609818876.0
2021-01-05 11:54:36,22.8916235,120.6392339,-0.79,281,0.65,22.8916247,120.6392275,1609818876.0
2021-01-05 11:54:37,22.8916235,120.6392339,-0.79,281,0.0,22.8916235,120.6392339,1609818877.0
2021-01-05 11:54:37,22.8916235,120.6392339,-0.79,281,0.67,22.8916248,120.6392273,1609818877.0
2021-01-05 11:54:37,22.8916235,120.6392339,-0.79,281,0.67,22.8916248,120.6392273,1609818877.0
2021-01-05 11:54:38,22.8916242,120.6392335,-0.8,281,0.65,22.8916254,120.6392271,1609818878.0
2021-01-05 11:54:38,22.8916242,120.6392335,-0.8,281,0.65,22.8916254,120.6392271,1609818878.0
2021-01-05 11:54:38,22.8916242,120.6392335,-0.8,281,0.66,22.8916255,120.639227,1609818878.0
2021-01-05 11:54:39,22.8916240,120.6392336,-0.8,281,0.65,22.8916252,120.6392272,1609818879.0
2021-01-05 11:54:39,22.8916240,120.6392336,-0.8,281,0.67,22.8916253,120.6392271,1609818879.0
2021-01-05 11:54:39,22.8916240,120.6392336,-0.8,281,0.65,22.8916252,120.6392272,1609818879.0
2021-01-05 11:54:39,22.8916237,120.6392339,-0.8,281,0.65,22.8916249,120.6392275,1609818879.0
2021-01-05 11:54:40,22.8916237,120.6392339,-0.8,281,0.0,22.8916237,120.6392339,1609818880.0
2021-01-05 11:54:40,22.8916237,120.6392339,-0.8,281,0.65,22.8916249,120.6392275,1609818880.0
2021-01-05 11:54:40,22.8916237,120.6392339,-0.8,281,0.65,22.8916249,120.6392275,1609818880.0
2021-01-05 11:54:41,22.8916237,120.6392339,-0.81,281,0.65,22.8916249,120.6392275,1609818881.0
2021-01-05 11:54:41,22.8916237,120.6392339,-0.81,281,0.66,22.891625,120.6392274,1609818881.0
2021-01-05 11:54:41,22.8916237,120.6392339,-0.81,281,0.65,22.8916249,120.6392275,1609818881.0
2021-01-05 11:54:42,22.8916237,120.6392338,-0.81,281,0.65,22.8916249,120.6392274,1609818882.0
2021-01-05 11:54:42,22.8916237,120.6392338,-0.81,281,0.0,22.8916237,120.6392338,1609818882.0
2021-01-05 11:54:42,22.8916237,120.6392338,-0.81,281,0.65,22.8916249,120.6392274,1609818882.0
2021-01-05 11:54:42,22.8916237,120.6392338,-0.82,281,0.66,22.891625,120.6392273,1609818882.0
2021-01-05 11:54:43,22.8916237,120.6392338,-0.82,281,0.65,22.8916249,120.6392275,1609818883.0
2021-01-05 11:54:43,22.8916237,120.6392338,-0.82,281,0.65,22.8916249,120.6392275,1609818883.0
2021-01-05 11:54:44,22.8916237,120.6392338,-0.83,281,0.65,22.8916249,120.6392274,1609818884.0
2021-01-05 11:54:44,22.8916237,120.6392338,-0.83,281,0.64,22.8916249,120.6392275,1609818884.0
2021-01-05 11:54:44,22.8916237,120.6392338,-0.83,281,0.0,22.8916237,120.6392338,1609818884.0
2021-01-05 11:54:45,22.8916236,120.6392339,-0.83,281,0.65,22.8916248,120.6392275,1609818885.0
2021-01-05 11:54:45,22.8916236,120.6392339,-0.83,281,0.64,22.8916248,120.6392276,1609818885.0
2021-01-05 11:54:45,22.8916236,120.6392339,-0.83,281,0.65,22.8916248,120.6392275,1609818885.0
2021-01-05 11:54:45,22.8916236,120.6392339,-0.83,281,0.65,22.8916248,120.6392275,1609818885.0
2021-01-05 11:54:46,22.8916236,120.6392339,-0.83,281,0.65,22.8916248,120.6392275,1609818886.0
2021-01-05 11:54:46,22.8916236,120.6392339,-0.83,281,0.67,22.8916249,120.6392274,1609818886.0
2021-01-05 11:54:46,22.8916237,120.6392339,-0.84,281,0.0,22.8916237,120.6392339,1609818886.0
2021-01-05 11:54:47,22.8916237,120.6392339,-0.84,281,0.65,22.8916249,120.6392275,1609818887.0
2021-01-05 11:54:47,22.8916237,120.6392339,-0.84,281,0.65,22.8916249,120.6392275,1609818887.0
2021-01-05 11:54:47,22.8916237,120.6392339,-0.84,281,0.65,22.8916249,120.6392275,1609818887.0
2021-01-05 11:54:48,22.8916237,120.6392338,-0.84,281,0.65,22.8916249,120.6392274,1609818888.0
2021-01-05 11:54:48,22.8916237,120.6392338,-0.84,281,0.0,22.8916237,120.6392338,1609818888.0
2021-01-05 11:54:48,22.8916237,120.6392338,-0.84,281,0.65,22.8916249,120.6392274,1609818888.0
2021-01-05 11:54:48,22.8916237,120.6392338,-0.85,281,0.67,22.891625,120.6392272,1609818888.0
2021-01-05 11:54:49,22.8916237,120.6392338,-0.85,281,0.65,22.8916249,120.6392274,1609818889.0
2021-01-05 11:54:49,22.8916237,120.6392338,-0.85,281,0.66,22.891625,120.6392273,1609818889.0
2021-01-05 11:54:49,22.8916236,120.6392339,-0.85,281,0.65,22.8916248,120.6392276,1609818889.0
2021-01-05 11:54:50,22.8916236,120.6392339,-0.85,281,0.67,22.8916249,120.6392274,1609818890.0
2021-01-05 11:54:50,22.8916236,120.6392339,-0.85,281,0.65,22.8916248,120.6392275,1609818890.0
2021-01-05 11:54:50,22.8916236,120.6392339,-0.85,281,0.0,22.8916236,120.6392339,1609818890.0
2021-01-05 11:54:51,22.8916236,120.6392339,-0.85,281,0.65,22.8916248,120.6392275,1609818891.0
2021-01-05 11:54:51,22.8916236,120.6392339,-0.85,281,0.64,22.8916248,120.6392276,1609818891.0
2021-01-05 11:54:51,22.8916236,120.6392339,-0.85,281,0.0,22.8916236,120.6392339,1609818891.0
2021-01-05 11:54:52,22.8916237,120.6392339,-0.85,281,0.63,22.8916249,120.6392277,1609818892.0
2021-01-05 11:54:52,22.8916237,120.6392339,-0.85,281,0.63,22.8916249,120.6392277,1609818892.0
2021-01-05 11:54:52,22.8916237,120.6392339,-0.85,281,0.66,22.891625,120.6392274,1609818892.0
2021-01-05 11:54:52,22.8916237,120.6392340,-0.86,281,0.67,22.891625,120.6392275,1609818892.0
2021-01-05 11:54:53,22.8916237,120.6392340,-0.86,281,0.67,22.891625,120.6392274,1609818893.0
2021-01-05 11:54:53,22.8916237,120.6392340,-0.86,281,0.67,22.891625,120.6392274,1609818893.0
2021-01-05 11:54:53,22.8916237,120.6392340,-0.86,281,0.66,22.891625,120.6392275,1609818893.0
2021-01-05 11:54:54,22.8916237,120.6392340,-0.86,281,0.69,22.891625,120.6392273,1609818894.0
