2021-01-05 12:35:04,22.8916180,120.6391970,161.59,83,0.0,22.891618,120.639197,1609821304.0
2021-01-05 12:35:04,22.8916180,120.6391970,161.59,83,0.0,22.891618,120.639197,1609821304.0
2021-01-05 12:35:05,22.8916167,120.6391995,163.18,98,15.41,22.8915953,120.6393521,1609821305.0
2021-01-05 12:35:05,22.8916167,120.6391995,163.18,98,15.41,22.8915953,120.6393521,1609821305.0
2021-01-05 12:35:05,22.8916167,120.6391995,163.18,98,15.41,22.8915953,120.6393521,1609821305.0
2021-01-05 12:35:06,22.8916081,120.6392130,163.68,98,15.43,22.8915866,120.6393658,1609821306.0
2021-01-05 12:35:06,22.8916081,120.6392130,163.68,98,15.43,22.8915866,120.6393658,1609821306.0
2021-01-05 12:35:06,22.8916081,120.6392130,163.68,98,15.43,22.8915866,120.6393658,1609821306.0
2021-01-05 12:35:07,22.8916006,120.6392376,163.94,97,12.81,22.891585,120.6393647,1609821307.0
2021-01-05 12:35:07,22.8916006,120.6392376,163.94,97,12.81,22.891585,120.6393647,1609821307.0
2021-01-05 12:35:07,22.8916006,120.6392376,163.94,97,12.81,22.891585,120.6393647,1609821307.0
2021-01-05 12:35:07,22.8915966,120.6392702,164.51,106,24.07,22.8915303,120.6395016,1609821307.0
2021-01-05 12:35:08,22.8915966,120.6392702,164.51,106,24.07,22.8915303,120.6395016,1609821308.0
2021-01-05 12:35:08,22.8915966,120.6392702,164.51,106,24.07,22.8915303,120.6395016,1609821308.0
2021-01-05 12:35:09,22.8915957,120.6393071,165.04,130,0.0,22.8915957,120.6393071,1609821309.0
2021-01-05 12:35:09,22.8915957,120.6393071,165.04,130,0.0,22.8915957,120.6393071,1609821309.0
2021-01-05 12:35:09,22.8915957,120.6393071,165.04,130,0.0,22.8915957,120.6393071,1609821309.0
2021-01-05 12:35:10,22.8915911,120.6393406,165.61,150,15.41,22.8914576,120.6394176,1609821310.0
2021-01-05 12:35:10,22.8915911,120.6393406,165.61,150,15.41,22.8914576,120.6394176,1609821310.0
2021-01-05 12:35:10,22.8915911,120.6393406,165.61,150,15.41,22.8914576,120.6394176,1609821310.0
2021-01-05 12:35:11,22.8915837,120.6393646,166.8,163,13.57,22.8914539,120.6394043,1609821311.0
2021-01-05 12:35:11,22.8915837,120.6393646,166.8,163,13.57,22.8914539,120.6394043,1609821311.0
2021-01-05 12:35:11,22.8915837,120.6393646,166.8,163,13.57,22.8914539,120.6394043,1609821311.0
2021-01-05 12:35:11,22.8915811,120.6393808,167.51,170,13.67,22.8914465,120.6394045,1609821311.0
2021-01-05 12:35:12,22.8915811,120.6393808,167.51,170,13.67,22.8914465,120.6394045,1609821312.0
2021-01-05 12:35:12,22.8915811,120.6393808,167.51,170,13.67,22.8914465,120.6394045,1609821312.0
2021-01-05 12:35:13,22.8915792,120.6393903,168.52,171,12.51,22.8914556,120.6394099,1609821313.0
2021-01-05 12:35:13,22.8915792,120.6393903,168.52,171,12.51,22.8914556,120.6394099,1609821313.0
2021-01-05 12:35:13,22.8915792,120.6393903,168.52,171,12.51,22.8914556,120.6394099,1609821313.0
2021-01-05 12:35:14,22.8915740,120.6393963,170.12,175,11.87,22.8914558,120.6394066,1609821314.0
2021-01-05 12:35:14,22.8915740,120.6393963,170.12,175,11.87,22.8914558,120.6394066,1609821314.0
2021-01-05 12:35:14,22.8915740,120.6393963,170.12,175,11.87,22.8914558,120.6394066,1609821314.0
2021-01-05 12:35:15,22.8915665,120.6393982,171.77,175,10.18,22.8914651,120.6394071,1609821315.0
2021-01-05 12:35:15,22.8915665,120.6393982,171.77,175,10.18,22.8914651,120.6394071,1609821315.0
2021-01-05 12:35:15,22.8915665,120.6393982,171.77,175,10.18,22.8914651,120.6394071,1609821315.0
2021-01-05 12:35:15,22.8915559,120.6394003,172.46,175,8.54,22.8914708,120.6394077,1609821315.0
2021-01-05 12:35:16,22.8915559,120.6394003,172.46,175,8.54,22.8914708,120.6394077,1609821316.0
2021-01-05 12:35:16,22.8915559,120.6394003,172.46,175,8.54,22.8914708,120.6394077,1609821316.0
2021-01-05 12:35:17,22.8915473,120.6394018,172.62,175,7.5,22.8914726,120.6394083,1609821317.0
2021-01-05 12:35:17,22.8915473,120.6394018,172.62,175,7.5,22.8914726,120.6394083,1609821317.0
2021-01-05 12:35:17,22.8915473,120.6394018,172.62,175,7.5,22.8914726,120.6394083,1609821317.0
2021-01-05 12:35:18,22.8915420,120.6394018,172.76,175,6.88,22.8914735,120.6394078,1609821318.0
2021-01-05 12:35:18,22.8915420,120.6394018,172.76,175,6.88,22.8914735,120.6394078,1609821318.0
2021-01-05 12:35:18,22.8915420,120.6394018,172.76,175,6.88,22.8914735,120.6394078,1609821318.0
2021-01-05 12:35:19,22.8915336,120.6394004,172.94,175,5.97,22.8914741,120.6394056,1609821319.0
2021-01-05 12:35:19,22.8915336,120.6394004,172.94,175,5.97,22.8914741,120.6394056,1609821319.0
2021-01-05 12:35:19,22.8915336,120.6394004,172.94,175,5.97,22.8914741,120.6394056,1609821319.0
2021-01-05 12:35:19,22.8915269,120.6394002,173.7,175,5.11,22.891476,120.6394047,1609821319.0
2021-01-05 12:35:20,22.8915269,120.6394002,173.7,175,5.11,22.891476,120.6394047,1609821320.0
2021-01-05 12:35:20,22.8915269,120.6394002,173.7,175,5.11,22.891476,120.6394047,1609821320.0
2021-01-05 12:35:21,22.8915231,120.6394003,173.95,175,4.67,22.8914766,120.6394044,1609821321.0
2021-01-05 12:35:21,22.8915231,120.6394003,173.95,175,4.67,22.8914766,120.6394044,1609821321.0
2021-01-05 12:35:21,22.8915231,120.6394003,173.95,175,4.67,22.8914766,120.6394044,1609821321.0
2021-01-05 12:35:22,22.8915174,120.6394000,173.95,175,4.03,22.8914773,120.6394035,1609821322.0
2021-01-05 12:35:22,22.8915174,120.6394000,173.95,175,4.03,22.8914773,120.6394035,1609821322.0
2021-01-05 12:35:22,22.8915174,120.6394000,173.95,175,4.03,22.8914773,120.6394035,1609821322.0
2021-01-05 12:35:23,22.8915151,120.6394001,174.1,175,3.77,22.8914775,120.6394034,1609821323.0
2021-01-05 12:35:23,22.8915151,120.6394001,174.1,175,3.77,22.8914775,120.6394034,1609821323.0
2021-01-05 12:35:23,22.8915151,120.6394001,174.1,175,3.77,22.8914775,120.6394034,1609821323.0
2021-01-05 12:35:23,22.8915116,120.6393993,174.93,175,3.93,22.8914724,120.6394027,1609821323.0
2021-01-05 12:35:24,22.8915116,120.6393993,174.93,175,3.93,22.8914724,120.6394027,1609821324.0
2021-01-05 12:35:24,22.8915116,120.6393993,174.93,175,3.93,22.8914724,120.6394027,1609821324.0
2021-01-05 12:35:25,22.8915094,120.6394003,174.81,175,4.03,22.8914693,120.6394038,1609821325.0
2021-01-05 12:35:25,22.8915094,120.6394003,174.81,175,4.03,22.8914693,120.6394038,1609821325.0
2021-01-05 12:35:25,22.8915094,120.6394003,174.81,175,4.03,22.8914693,120.6394038,1609821325.0
2021-01-05 12:35:26,22.8915091,120.6394018,174.76,175,3.96,22.8914697,120.6394053,1609821326.0
2021-01-05 12:35:26,22.8915091,120.6394018,174.76,175,3.96,22.8914697,120.6394053,1609821326.0
2021-01-05 12:35:26,22.8915091,120.6394018,174.76,175,3.96,22.8914697,120.6394053,1609821326.0
2021-01-05 12:35:27,22.8915098,120.6394033,174.74,175,3.38,22.8914761,120.6394062,1609821327.0
2021-01-05 12:35:27,22.8915098,120.6394033,174.74,175,3.38,22.8914761,120.6394062,1609821327.0
2021-01-05 12:35:27,22.8915098,120.6394033,174.74,175,3.38,22.8914761,120.6394062,1609821327.0
2021-01-05 12:35:27,22.8915085,120.6394019,174.58,175,2.96,22.891479,120.6394045,1609821327.0
2021-01-05 12:35:28,22.8915085,120.6394019,174.58,175,2.96,22.891479,120.6394045,1609821328.0
2021-01-05 12:35:28,22.8915085,120.6394019,174.58,175,2.96,22.891479,120.6394045,1609821328.0
2021-01-05 12:35:29,22.8915052,120.6393998,174.65,175,2.79,22.8914774,120.6394022,1609821329.0
2021-01-05 12:35:29,22.8915052,120.6393998,174.65,175,2.79,22.8914774,120.6394022,1609821329.0
2021-01-05 12:35:29,22.8915052,120.6393998,174.65,175,2.79,22.8914774,120.6394022,1609821329.0
2021-01-05 12:35:30,22.8915039,120.6394000,174.69,175,2.48,22.8914792,120.6394022,1609821330.0
2021-01-05 12:35:30,22.8915039,120.6394000,174.69,175,2.48,22.8914792,120.6394022,1609821330.0
2021-01-05 12:35:30,22.8915039,120.6394000,174.69,175,2.48,22.8914792,120.6394022,1609821330.0
2021-01-05 12:35:31,22.8915028,120.6394008,174.76,175,2.72,22.8914757,120.6394032,1609821331.0
2021-01-05 12:35:31,22.8915028,120.6394008,174.76,175,2.72,22.8914757,120.6394032,1609821331.0
2021-01-05 12:35:31,22.8915028,120.6394008,174.76,175,2.72,22.8914757,120.6394032,1609821331.0
2021-01-05 12:35:31,22.8915029,120.6394023,174.69,174,2.39,22.8914791,120.6394048,1609821331.0
2021-01-05 12:35:32,22.8915029,120.6394023,174.69,174,2.39,22.8914791,120.6394048,1609821332.0
2021-01-05 12:35:32,22.8915029,120.6394023,174.69,174,2.39,22.8914791,120.6394048,1609821332.0
2021-01-05 12:35:33,22.8915024,120.6394016,174.66,175,2.29,22.8914796,120.6394036,1609821333.0
2021-01-05 12:35:33,22.8915024,120.6394016,174.66,175,2.29,22.8914796,120.6394036,1609821333.0
2021-01-05 12:35:34,22.8915016,120.6394008,174.89,174,2.82,22.8914736,120.6394037,1609821334.0
2021-01-05 12:35:34,22.8915016,120.6394008,174.89,174,2.82,22.8914736,120.6394037,1609821334.0
2021-01-05 12:35:34,22.8915016,120.6394008,174.89,174,2.82,22.8914736,120.6394037,1609821334.0
2021-01-05 12:35:35,22.8915006,120.6394018,175.14,174,3.04,22.8914704,120.639405,1609821335.0
2021-01-05 12:35:35,22.8915006,120.6394018,175.14,174,3.04,22.8914704,120.639405,1609821335.0
2021-01-05 12:35:35,22.8915006,120.6394018,175.14,174,3.04,22.8914704,120.639405,1609821335.0
2021-01-05 12:35:36,22.8914987,120.6394032,174.74,178,2.84,22.8914703,120.6394042,1609821336.0
2021-01-05 12:35:36,22.8914987,120.6394032,174.74,178,2.84,22.8914703,120.6394042,1609821336.0
2021-01-05 12:35:36,22.8914987,120.6394032,174.74,178,2.84,22.8914703,120.6394042,1609821336.0
2021-01-05 12:35:36,22.8915006,120.6394058,174.65,178,2.39,22.8914767,120.6394066,1609821336.0
2021-01-05 12:35:37,22.8915006,120.6394058,174.65,178,2.39,22.8914767,120.6394066,1609821337.0
2021-01-05 12:35:37,22.8915006,120.6394058,174.65,178,2.39,22.8914767,120.6394066,1609821337.0
2021-01-05 12:35:38,22.8915052,120.6394062,174.99,177,2.82,22.891477,120.6394077,1609821338.0
2021-01-05 12:35:38,22.8915052,120.6394062,174.99,177,2.82,22.891477,120.6394077,1609821338.0
2021-01-05 12:35:38,22.8915052,120.6394062,174.99,177,2.82,22.891477,120.6394077,1609821338.0
2021-01-05 12:35:39,22.8915073,120.6394058,175.29,178,3.58,22.8914715,120.639407,1609821339.0
2021-01-05 12:35:39,22.8915073,120.6394058,175.29,178,3.58,22.8914715,120.639407,1609821339.0
2021-01-05 12:35:39,22.8915073,120.6394058,175.29,178,3.58,22.8914715,120.639407,1609821339.0
2021-01-05 12:35:40,22.8915060,120.6394061,175.21,177,3.35,22.8914725,120.6394079,1609821340.0
2021-01-05 12:35:40,22.8915060,120.6394061,175.21,177,3.35,22.8914725,120.6394079,1609821340.0
2021-01-05 12:35:40,22.8915060,120.6394061,175.21,177,3.35,22.8914725,120.6394079,1609821340.0
2021-01-05 12:35:41,22.8915042,120.6394065,175.1,177,3.06,22.8914736,120.6394081,1609821341.0
2021-01-05 12:35:41,22.8915042,120.6394065,175.1,177,3.06,22.8914736,120.6394081,1609821341.0
2021-01-05 12:35:41,22.8915042,120.6394065,175.1,177,3.06,22.8914736,120.6394081,1609821341.0
2021-01-05 12:35:42,22.8915012,120.6394080,175.13,177,3.21,22.8914691,120.6394097,1609821342.0
2021-01-05 12:35:42,22.8915012,120.6394080,175.13,177,3.21,22.8914691,120.6394097,1609821342.0
2021-01-05 12:35:42,22.8915012,120.6394080,175.13,177,3.21,22.8914691,120.6394097,1609821342.0
2021-01-05 12:35:43,22.8915005,120.6394075,175.01,178,2.85,22.891472,120.6394085,1609821343.0
2021-01-05 12:35:43,22.8915005,120.6394075,175.01,178,2.85,22.891472,120.6394085,1609821343.0
2021-01-05 12:35:43,22.8915005,120.6394075,175.01,178,2.85,22.891472,120.6394085,1609821343.0
2021-01-05 12:35:44,22.8914999,120.6394069,175.0,177,2.78,22.8914721,120.6394084,1609821344.0
2021-01-05 12:35:44,22.8914999,120.6394069,175.0,177,2.78,22.8914721,120.6394084,1609821344.0
2021-01-05 12:35:44,22.8914999,120.6394069,175.0,177,2.78,22.8914721,120.6394084,1609821344.0
2021-01-05 12:35:45,22.8914990,120.6394058,174.96,177,2.68,22.8914722,120.6394072,1609821345.0
2021-01-05 12:35:45,22.8914990,120.6394058,174.96,177,2.68,22.8914722,120.6394072,1609821345.0
2021-01-05 12:35:45,22.8914990,120.6394058,174.96,177,2.68,22.8914722,120.6394072,1609821345.0
2021-01-05 12:35:46,22.8914985,120.6394063,174.89,179,3.04,22.8914681,120.6394068,1609821346.0
2021-01-05 12:35:46,22.8914985,120.6394063,174.89,179,3.04,22.8914681,120.6394068,1609821346.0
2021-01-05 12:35:47,22.8915006,120.6394103,174.76,187,2.95,22.8914713,120.6394067,1609821347.0
2021-01-05 12:35:47,22.8915006,120.6394103,174.76,187,2.95,22.8914713,120.6394067,1609821347.0
2021-01-05 12:35:47,22.8915006,120.6394103,174.76,187,2.95,22.8914713,120.6394067,1609821347.0
2021-01-05 12:35:48,22.8915030,120.6394232,174.59,187,2.85,22.8914747,120.6394197,1609821348.0
2021-01-05 12:35:48,22.8915030,120.6394232,174.59,187,2.85,22.8914747,120.6394197,1609821348.0
2021-01-05 12:35:48,22.8915030,120.6394232,174.59,187,2.85,22.8914747,120.6394197,1609821348.0
2021-01-05 12:35:49,22.8915014,120.6394313,174.12,189,3.98,22.8914621,120.6394251,1609821349.0
2021-01-05 12:35:49,22.8915014,120.6394313,174.12,189,3.98,22.8914621,120.6394251,1609821349.0
2021-01-05 12:35:49,22.8915014,120.6394313,174.12,189,3.98,22.8914621,120.6394251,1609821349.0
2021-01-05 12:35:50,22.8914993,120.6394366,173.45,200,3.96,22.8914621,120.6394231,1609821350.0
2021-01-05 12:35:50,22.8914993,120.6394366,173.45,200,3.96,22.8914621,120.6394231,1609821350.0
2021-01-05 12:35:51,22.8914911,120.6394457,172.99,224,4.12,22.8914615,120.6394171,1609821351.0
2021-01-05 12:35:51,22.8914911,120.6394457,172.99,224,4.12,22.8914615,120.6394171,1609821351.0
2021-01-05 12:35:51,22.8914911,120.6394457,172.99,224,4.12,22.8914615,120.6394171,1609821351.0
2021-01-05 12:35:52,22.8914806,120.6394589,172.9,245,4.62,22.8914611,120.639417,1609821352.0
2021-01-05 12:35:52,22.8914806,120.6394589,172.9,245,4.62,22.8914611,120.639417,1609821352.0
2021-01-05 12:35:52,22.8914806,120.6394589,172.9,245,4.62,22.8914611,120.639417,1609821352.0
2021-01-05 12:35:53,22.8914701,120.6394671,172.98,263,4.93,22.8914641,120.6394182,1609821353.0
2021-01-05 12:35:53,22.8914701,120.6394671,172.98,263,4.93,22.8914641,120.6394182,1609821353.0
2021-01-05 12:35:53,22.8914701,120.6394671,172.98,263,4.93,22.8914641,120.6394182,1609821353.0
2021-01-05 12:35:54,22.8914623,120.6394776,173.17,267,5.84,22.8914592,120.6394193,1609821354.0
2021-01-05 12:35:54,22.8914623,120.6394776,173.17,267,5.84,22.8914592,120.6394193,1609821354.0
2021-01-05 12:35:55,22.8914619,120.6394817,172.89,274,6.23,22.8914662,120.6394196,1609821355.0
2021-01-05 12:35:55,22.8914619,120.6394817,172.89,274,6.23,22.8914662,120.6394196,1609821355.0
2021-01-05 12:35:55,22.8914619,120.6394817,172.89,274,6.23,22.8914662,120.6394196,1609821355.0
2021-01-05 12:35:56,22.8914622,120.6394827,172.51,276,6.21,22.8914687,120.6394209,1609821356.0
2021-01-05 12:35:56,22.8914622,120.6394827,172.51,276,6.21,22.8914687,120.6394209,1609821356.0
2021-01-05 12:35:56,22.8914622,120.6394827,172.51,276,6.21,22.8914687,120.6394209,1609821356.0
2021-01-05 12:35:57,22.8914608,120.6394806,172.36,277,5.93,22.891468,120.6394217,1609821357.0
2021-01-05 12:35:57,22.8914608,120.6394806,172.36,277,5.93,22.891468,120.6394217,1609821357.0
2021-01-05 12:35:57,22.8914608,120.6394806,172.36,277,5.93,22.891468,120.6394217,1609821357.0
2021-01-05 12:35:58,22.8914626,120.6394760,172.21,277,5.64,22.8914695,120.63942,1609821358.0
2021-01-05 12:35:58,22.8914626,120.6394760,172.21,277,5.64,22.8914695,120.63942,1609821358.0
2021-01-05 12:35:59,22.8914619,120.6394702,172.48,277,4.94,22.8914679,120.6394212,1609821359.0
2021-01-05 12:35:59,22.8914619,120.6394702,172.48,277,4.94,22.8914679,120.6394212,1609821359.0
2021-01-05 12:35:59,22.8914619,120.6394702,172.48,277,4.94,22.8914679,120.6394212,1609821359.0
2021-01-05 12:36:00,22.8914668,120.6394657,173.0,277,4.27,22.891472,120.6394233,1609821360.0
2021-01-05 12:36:00,22.8914668,120.6394657,173.0,277,4.27,22.891472,120.6394233,1609821360.0
2021-01-05 12:36:00,22.8914668,120.6394657,173.0,277,4.27,22.891472,120.6394233,1609821360.0
2021-01-05 12:36:01,22.8914712,120.6394704,173.28,277,3.89,22.8914759,120.6394318,1609821361.0
2021-01-05 12:36:01,22.8914712,120.6394704,173.28,277,3.89,22.8914759,120.6394318,1609821361.0
2021-01-05 12:36:01,22.8914712,120.6394704,173.28,277,3.89,22.8914759,120.6394318,1609821361.0
2021-01-05 12:36:02,22.8914735,120.6394648,173.37,277,3.65,22.8914779,120.6394286,1609821362.0
2021-01-05 12:36:02,22.8914735,120.6394648,173.37,277,3.65,22.8914779,120.6394286,1609821362.0
2021-01-05 12:36:02,22.8914735,120.6394648,173.37,277,3.65,22.8914779,120.6394286,1609821362.0
2021-01-05 12:36:03,22.8914756,120.6394627,173.5,276,3.58,22.8914793,120.6394271,1609821363.0
2021-01-05 12:36:03,22.8914756,120.6394627,173.5,276,3.58,22.8914793,120.6394271,1609821363.0
2021-01-05 12:36:03,22.8914756,120.6394627,173.5,276,3.58,22.8914793,120.6394271,1609821363.0
2021-01-05 12:36:04,22.8914816,120.6394604,173.58,278,3.49,22.8914865,120.6394258,1609821364.0
2021-01-05 12:36:04,22.8914816,120.6394604,173.58,278,3.49,22.8914865,120.6394258,1609821364.0
2021-01-05 12:36:04,22.8914816,120.6394604,173.58,278,3.49,22.8914865,120.6394258,1609821364.0
2021-01-05 12:36:05,22.8914810,120.6394593,173.81,279,3.25,22.8914861,120.6394272,1609821365.0
2021-01-05 12:36:05,22.8914810,120.6394593,173.81,279,3.25,22.8914861,120.6394272,1609821365.0
2021-01-05 12:36:05,22.8914810,120.6394593,173.81,279,3.25,22.8914861,120.6394272,1609821365.0
2021-01-05 12:36:06,22.8914878,120.6394626,173.91,279,3.12,22.8914927,120.6394318,1609821366.0
2021-01-05 12:36:06,22.8914878,120.6394626,173.91,279,3.12,22.8914927,120.6394318,1609821366.0
2021-01-05 12:36:06,22.8914878,120.6394626,173.91,279,3.12,22.8914927,120.6394318,1609821366.0
2021-01-05 12:36:07,22.8914901,120.6394636,174.0,280,3.1,22.8914955,120.6394331,1609821367.0
2021-01-05 12:36:07,22.8914901,120.6394636,174.0,280,3.1,22.8914955,120.6394331,1609821367.0
2021-01-05 12:36:07,22.8914901,120.6394636,174.0,280,3.1,22.8914955,120.6394331,1609821367.0
2021-01-05 12:36:08,22.8915084,120.6394698,174.22,280,3.07,22.8915137,120.6394396,1609821368.0
2021-01-05 12:36:08,22.8915084,120.6394698,174.22,280,3.07,22.8915137,120.6394396,1609821368.0
2021-01-05 12:36:08,22.8915084,120.6394698,174.22,280,3.07,22.8915137,120.6394396,1609821368.0
2021-01-05 12:36:09,22.8915149,120.6394763,174.64,280,2.85,22.8915198,120.6394482,1609821369.0
2021-01-05 12:36:09,22.8915149,120.6394763,174.64,280,2.85,22.8915198,120.6394482,1609821369.0
2021-01-05 12:36:09,22.8915149,120.6394763,174.64,280,2.85,22.8915198,120.6394482,1609821369.0
2021-01-05 12:36:10,22.8915202,120.6394816,174.65,280,2.63,22.8915248,120.6394557,1609821370.0
2021-01-05 12:36:10,22.8915202,120.6394816,174.65,280,2.63,22.8915248,120.6394557,1609821370.0
2021-01-05 12:36:10,22.8915202,120.6394816,174.65,280,2.63,22.8915248,120.6394557,1609821370.0
2021-01-05 12:36:11,22.8915220,120.6394851,174.74,280,2.61,22.8915265,120.6394594,1609821371.0
2021-01-05 12:36:11,22.8915220,120.6394851,174.74,280,2.61,22.8915265,120.6394594,1609821371.0
2021-01-05 12:36:11,22.8915220,120.6394851,174.74,280,2.61,22.8915265,120.6394594,1609821371.0
2021-01-05 12:36:12,22.8915233,120.6394849,174.63,281,2.55,22.8915282,120.6394599,1609821372.0
2021-01-05 12:36:12,22.8915233,120.6394849,174.63,281,2.55,22.8915282,120.6394599,1609821372.0
2021-01-05 12:36:12,22.8915233,120.6394849,174.63,281,2.55,22.8915282,120.6394599,1609821372.0
2021-01-05 12:36:13,22.8915229,120.6394865,174.55,281,2.64,22.8915279,120.6394606,1609821373.0
2021-01-05 12:36:13,22.8915229,120.6394865,174.55,281,2.64,22.8915279,120.6394606,1609821373.0
2021-01-05 12:36:13,22.8915229,120.6394865,174.55,281,2.64,22.8915279,120.6394606,1609821373.0
2021-01-05 12:36:14,22.8915226,120.6394907,174.59,281,2.96,22.8915282,120.6394616,1609821374.0
2021-01-05 12:36:14,22.8915226,120.6394907,174.59,281,2.96,22.8915282,120.6394616,1609821374.0
2021-01-05 12:36:14,22.8915226,120.6394907,174.59,281,2.96,22.8915282,120.6394616,1609821374.0
2021-01-05 12:36:15,22.8915221,120.6394949,174.72,281,3.33,22.8915285,120.6394622,1609821375.0
2021-01-05 12:36:15,22.8915221,120.6394949,174.72,281,3.33,22.8915285,120.6394622,1609821375.0
2021-01-05 12:36:15,22.8915221,120.6394949,174.72,281,3.33,22.8915285,120.6394622,1609821375.0
2021-01-05 12:36:16,22.8915205,120.6394975,174.67,279,3.54,22.891526,120.6394625,1609821376.0
2021-01-05 12:36:16,22.8915205,120.6394975,174.67,279,3.54,22.891526,120.6394625,1609821376.0
2021-01-05 12:36:16,22.8915205,120.6394975,174.67,279,3.54,22.891526,120.6394625,1609821376.0
2021-01-05 12:36:17,22.8915246,120.6395048,174.78,279,3.78,22.8915305,120.6394675,1609821377.0
2021-01-05 12:36:17,22.8915246,120.6395048,174.78,279,3.78,22.8915305,120.6394675,1609821377.0
2021-01-05 12:36:17,22.8915246,120.6395048,174.78,279,3.78,22.8915305,120.6394675,1609821377.0
2021-01-05 12:36:18,22.8915324,120.6395164,174.67,280,3.79,22.891539,120.6394791,1609821378.0
2021-01-05 12:36:18,22.8915324,120.6395164,174.67,280,3.79,22.891539,120.6394791,1609821378.0
2021-01-05 12:36:18,22.8915324,120.6395164,174.67,280,3.79,22.891539,120.6394791,1609821378.0
2021-01-05 12:36:19,22.8915430,120.6395203,174.08,280,3.79,22.8915496,120.639483,1609821379.0
2021-01-05 12:36:19,22.8915430,120.6395203,174.08,280,3.79,22.8915496,120.639483,1609821379.0
2021-01-05 12:36:19,22.8915430,120.6395203,174.08,280,3.79,22.8915496,120.639483,1609821379.0
2021-01-05 12:36:20,22.8915558,120.6395251,173.77,280,4.03,22.8915628,120.6394854,1609821380.0
2021-01-05 12:36:20,22.8915558,120.6395251,173.77,280,4.03,22.8915628,120.6394854,1609821380.0
2021-01-05 12:36:20,22.8915558,120.6395251,173.77,280,4.03,22.8915628,120.6394854,1609821380.0
2021-01-05 12:36:21,22.8915564,120.6395282,173.86,280,4.25,22.8915638,120.6394863,1609821381.0
2021-01-05 12:36:21,22.8915564,120.6395282,173.86,280,4.25,22.8915638,120.6394863,1609821381.0
2021-01-05 12:36:21,22.8915564,120.6395282,173.86,280,4.25,22.8915638,120.6394863,1609821381.0
2021-01-05 12:36:22,22.8915678,120.6395415,173.93,280,4.38,22.8915754,120.6394984,1609821382.0
2021-01-05 12:36:22,22.8915678,120.6395415,173.93,280,4.38,22.8915754,120.6394984,1609821382.0
2021-01-05 12:36:22,22.8915678,120.6395415,173.93,280,4.38,22.8915754,120.6394984,1609821382.0
2021-01-05 12:36:23,22.8915729,120.6395430,173.88,280,4.34,22.8915804,120.6395003,1609821383.0
2021-01-05 12:36:23,22.8915729,120.6395430,173.88,280,4.34,22.8915804,120.6395003,1609821383.0
2021-01-05 12:36:23,22.8915729,120.6395430,173.88,280,4.34,22.8915804,120.6395003,1609821383.0
2021-01-05 12:36:24,22.8915720,120.6395385,174.0,280,4.1,22.8915791,120.6394981,1609821384.0
2021-01-05 12:36:24,22.8915720,120.6395385,174.0,280,4.1,22.8915791,120.6394981,1609821384.0
2021-01-05 12:36:24,22.8915720,120.6395385,174.0,280,4.1,22.8915791,120.6394981,1609821384.0
2021-01-05 12:36:25,22.8915732,120.6395391,174.08,280,3.86,22.8915799,120.6395011,1609821385.0
2021-01-05 12:36:25,22.8915732,120.6395391,174.08,280,3.86,22.8915799,120.6395011,1609821385.0
2021-01-05 12:36:25,22.8915732,120.6395391,174.08,280,3.86,22.8915799,120.6395011,1609821385.0
2021-01-05 12:36:26,22.8915770,120.6395346,173.98,280,3.5,22.8915831,120.6395001,1609821386.0
2021-01-05 12:36:26,22.8915770,120.6395346,173.98,280,3.5,22.8915831,120.6395001,1609821386.0
2021-01-05 12:36:26,22.8915770,120.6395346,173.98,280,3.5,22.8915831,120.6395001,1609821386.0
2021-01-05 12:36:27,22.8915798,120.6395298,173.87,280,3.16,22.8915853,120.6394987,1609821387.0
2021-01-05 12:36:27,22.8915798,120.6395298,173.87,280,3.16,22.8915853,120.6394987,1609821387.0
2021-01-05 12:36:27,22.8915798,120.6395298,173.87,280,3.16,22.8915853,120.6394987,1609821387.0
2021-01-05 12:36:28,22.8915797,120.6395294,173.98,281,3.16,22.8915857,120.6394984,1609821388.0
2021-01-05 12:36:28,22.8915797,120.6395294,173.98,281,3.16,22.8915857,120.6394984,1609821388.0
2021-01-05 12:36:28,22.8915797,120.6395294,173.98,281,3.16,22.8915857,120.6394984,1609821388.0
2021-01-05 12:36:29,22.8915793,120.6395308,174.04,280,3.4,22.8915852,120.6394973,1609821389.0
2021-01-05 12:36:29,22.8915793,120.6395308,174.04,280,3.4,22.8915852,120.6394973,1609821389.0
2021-01-05 12:36:29,22.8915793,120.6395308,174.04,280,3.4,22.8915852,120.6394973,1609821389.0
2021-01-05 12:36:30,22.8915801,120.6395331,173.95,280,3.54,22.8915862,120.6394982,1609821390.0
2021-01-05 12:36:30,22.8915801,120.6395331,173.95,280,3.54,22.8915862,120.6394982,1609821390.0
2021-01-05 12:36:30,22.8915801,120.6395331,173.95,280,3.54,22.8915862,120.6394982,1609821390.0
2021-01-05 12:36:31,22.8915794,120.6395348,173.91,280,3.79,22.891586,120.6394975,1609821391.0
2021-01-05 12:36:31,22.8915794,120.6395348,173.91,280,3.79,22.891586,120.6394975,1609821391.0
2021-01-05 12:36:31,22.8915794,120.6395348,173.91,280,3.79,22.891586,120.6394975,1609821391.0
2021-01-05 12:36:32,22.8915785,120.6395373,174.08,280,3.76,22.891585,120.6395003,1609821392.0
2021-01-05 12:36:32,22.8915785,120.6395373,174.08,280,3.76,22.891585,120.6395003,1609821392.0
2021-01-05 12:36:32,22.8915785,120.6395373,174.08,280,3.76,22.891585,120.6395003,1609821392.0
2021-01-05 12:36:33,22.8915763,120.6395343,173.97,280,3.6,22.8915826,120.6394988,1609821393.0
2021-01-05 12:36:33,22.8915763,120.6395343,173.97,280,3.6,22.8915826,120.6394988,1609821393.0
2021-01-05 12:36:33,22.8915763,120.6395343,173.97,280,3.6,22.8915826,120.6394988,1609821393.0
2021-01-05 12:36:34,22.8915724,120.6395321,174.07,279,3.52,22.8915779,120.6394973,1609821394.0
2021-01-05 12:36:34,22.8915724,120.6395321,174.07,279,3.52,22.8915779,120.6394973,1609821394.0
2021-01-05 12:36:34,22.8915724,120.6395321,174.07,279,3.52,22.8915779,120.6394973,1609821394.0
2021-01-05 12:36:35,22.8915708,120.6395285,173.97,248,4.33,22.8915546,120.6394884,1609821395.0
2021-01-05 12:36:35,22.8915708,120.6395285,173.97,248,4.33,22.8915546,120.6394884,1609821395.0
2021-01-05 12:36:35,22.8915708,120.6395285,173.97,248,4.33,22.8915546,120.6394884,1609821395.0
2021-01-05 12:36:36,22.8915700,120.6395290,173.75,230,5.99,22.8915315,120.6394831,1609821396.0
2021-01-05 12:36:36,22.8915700,120.6395290,173.75,230,5.99,22.8915315,120.6394831,1609821396.0
2021-01-05 12:36:36,22.8915700,120.6395290,173.75,230,5.99,22.8915315,120.6394831,1609821396.0
2021-01-05 12:36:37,22.8915556,120.6395383,173.47,230,0.0,22.8915556,120.6395383,1609821397.0
2021-01-05 12:36:37,22.8915556,120.6395383,173.47,230,0.0,22.8915556,120.6395383,1609821397.0
2021-01-05 12:36:37,22.8915556,120.6395383,173.47,230,0.0,22.8915556,120.6395383,1609821397.0
2021-01-05 12:36:38,22.8915459,120.6395458,172.05,247,9.2,22.89151,120.6394611,1609821398.0
2021-01-05 12:36:38,22.8915459,120.6395458,172.05,247,9.2,22.89151,120.6394611,1609821398.0
2021-01-05 12:36:38,22.8915459,120.6395458,172.05,247,9.2,22.89151,120.6394611,1609821398.0
2021-01-05 12:36:39,22.8915070,120.6395472,170.73,255,6.72,22.8914896,120.6394823,1609821399.0
2021-01-05 12:36:39,22.8915070,120.6395472,170.73,255,6.72,22.8914896,120.6394823,1609821399.0
2021-01-05 12:36:39,22.8915070,120.6395472,170.73,255,6.72,22.8914896,120.6394823,1609821399.0
2021-01-05 12:36:40,22.8914837,120.6395571,170.75,270,6.65,22.8914837,120.6394906,1609821400.0
2021-01-05 12:36:40,22.8914837,120.6395571,170.75,270,6.65,22.8914837,120.6394906,1609821400.0
2021-01-05 12:36:40,22.8914837,120.6395571,170.75,270,6.65,22.8914837,120.6394906,1609821400.0
2021-01-05 12:36:41,22.8914607,120.6395512,170.79,276,7.26,22.8914683,120.639479,1609821401.0
2021-01-05 12:36:41,22.8914607,120.6395512,170.79,276,7.26,22.8914683,120.639479,1609821401.0
2021-01-05 12:36:41,22.8914607,120.6395512,170.79,276,7.26,22.8914683,120.639479,1609821401.0
2021-01-05 12:36:42,22.8914477,120.6395378,170.87,278,7.62,22.8914583,120.6394623,1609821402.0
2021-01-05 12:36:42,22.8914477,120.6395378,170.87,278,7.62,22.8914583,120.6394623,1609821402.0
2021-01-05 12:36:42,22.8914477,120.6395378,170.87,278,7.62,22.8914583,120.6394623,1609821402.0
2021-01-05 12:36:43,22.8914338,120.6395341,170.66,278,7.46,22.8914442,120.6394602,1609821403.0
2021-01-05 12:36:43,22.8914338,120.6395341,170.66,278,7.46,22.8914442,120.6394602,1609821403.0
2021-01-05 12:36:43,22.8914338,120.6395341,170.66,278,7.46,22.8914442,120.6394602,1609821403.0
2021-01-05 12:36:44,22.8914245,120.6395276,170.32,279,7.2,22.8914358,120.6394565,1609821404.0
2021-01-05 12:36:44,22.8914245,120.6395276,170.32,279,7.2,22.8914358,120.6394565,1609821404.0
2021-01-05 12:36:44,22.8914245,120.6395276,170.32,279,7.2,22.8914358,120.6394565,1609821404.0
2021-01-05 12:36:45,22.8914175,120.6395245,170.03,279,6.75,22.8914281,120.6394578,1609821405.0
2021-01-05 12:36:45,22.8914175,120.6395245,170.03,279,6.75,22.8914281,120.6394578,1609821405.0
2021-01-05 12:36:45,22.8914175,120.6395245,170.03,279,6.75,22.8914281,120.6394578,1609821405.0
2021-01-05 12:36:46,22.8914049,120.6395127,169.63,279,6.16,22.8914145,120.6394519,1609821406.0
2021-01-05 12:36:46,22.8914049,120.6395127,169.63,279,6.16,22.8914145,120.6394519,1609821406.0
2021-01-05 12:36:46,22.8914049,120.6395127,169.63,279,6.16,22.8914145,120.6394519,1609821406.0
2021-01-05 12:36:47,22.8913515,120.6394957,169.52,278,5.19,22.8913587,120.6394443,1609821407.0
2021-01-05 12:36:47,22.8913515,120.6394957,169.52,278,5.19,22.8913587,120.6394443,1609821407.0
2021-01-05 12:36:47,22.8913515,120.6394957,169.52,278,5.19,22.8913587,120.6394443,1609821407.0
2021-01-05 12:36:48,22.8913231,120.6394863,169.49,279,4.43,22.89133,120.6394425,1609821408.0
2021-01-05 12:36:48,22.8913231,120.6394863,169.49,279,4.43,22.89133,120.6394425,1609821408.0
2021-01-05 12:36:48,22.8913231,120.6394863,169.49,279,4.43,22.89133,120.6394425,1609821408.0
2021-01-05 12:36:49,22.8913117,120.6394737,169.71,278,3.43,22.8913165,120.6394397,1609821409.0
2021-01-05 12:36:49,22.8913117,120.6394737,169.71,278,3.43,22.8913165,120.6394397,1609821409.0
2021-01-05 12:36:49,22.8913117,120.6394737,169.71,278,3.43,22.8913165,120.6394397,1609821409.0
2021-01-05 12:36:50,22.8913079,120.6394662,169.72,279,2.87,22.8913124,120.6394379,1609821410.0
2021-01-05 12:36:50,22.8913079,120.6394662,169.72,279,2.87,22.8913124,120.6394379,1609821410.0
2021-01-05 12:36:50,22.8913079,120.6394662,169.72,279,2.87,22.8913124,120.6394379,1609821410.0
2021-01-05 12:36:51,22.8913056,120.6394597,169.55,288,2.4,22.891313,120.6394369,1609821411.0
2021-01-05 12:36:51,22.8913056,120.6394597,169.55,288,2.4,22.891313,120.6394369,1609821411.0
2021-01-05 12:36:51,22.8913056,120.6394597,169.55,288,2.4,22.891313,120.6394369,1609821411.0
2021-01-05 12:36:52,22.8913071,120.6394541,169.48,288,2.4,22.8913145,120.6394313,1609821412.0
2021-01-05 12:36:52,22.8913071,120.6394541,169.48,288,2.4,22.8913145,120.6394313,1609821412.0
2021-01-05 12:36:52,22.8913071,120.6394541,169.48,288,2.4,22.8913145,120.6394313,1609821412.0
2021-01-05 12:36:53,22.8913095,120.6394547,170.22,288,2.6,22.8913175,120.63943,1609821413.0
2021-01-05 12:36:53,22.8913095,120.6394547,170.22,288,2.6,22.8913175,120.63943,1609821413.0
2021-01-05 12:36:53,22.8913095,120.6394547,170.22,288,2.6,22.8913175,120.63943,1609821413.0
2021-01-05 12:36:54,22.8913095,120.6394504,170.33,288,2.69,22.8913178,120.6394248,1609821414.0
2021-01-05 12:36:54,22.8913095,120.6394504,170.33,288,2.69,22.8913178,120.6394248,1609821414.0
2021-01-05 12:36:55,22.8913099,120.6394486,170.32,288,2.76,22.8913184,120.6394224,1609821415.0
2021-01-05 12:36:55,22.8913099,120.6394486,170.32,288,2.76,22.8913184,120.6394224,1609821415.0
2021-01-05 12:36:56,22.8913099,120.6394486,170.32,288,2.76,22.8913184,120.6394224,1609821416.0
2021-01-05 12:36:56,22.8913065,120.6394447,170.24,288,2.64,22.8913147,120.6394196,1609821416.0
2021-01-05 12:36:56,22.8913065,120.6394447,170.24,288,2.64,22.8913147,120.6394196,1609821416.0
2021-01-05 12:36:56,22.8913065,120.6394447,170.24,288,2.64,22.8913147,120.6394196,1609821416.0
2021-01-05 12:36:57,22.8913056,120.6394423,170.07,290,2.44,22.8913139,120.6394194,1609821417.0
2021-01-05 12:36:57,22.8913056,120.6394423,170.07,290,2.44,22.8913139,120.6394194,1609821417.0
2021-01-05 12:36:57,22.8913056,120.6394423,170.07,290,2.44,22.8913139,120.6394194,1609821417.0
2021-01-05 12:36:58,22.8913028,120.6394371,170.22,291,2.0,22.89131,120.6394184,1609821418.0
2021-01-05 12:36:58,22.8913028,120.6394371,170.22,291,2.0,22.89131,120.6394184,1609821418.0
2021-01-05 12:36:58,22.8913028,120.6394371,170.22,291,2.0,22.89131,120.6394184,1609821418.0
2021-01-05 12:36:59,22.8913017,120.6394343,170.24,291,1.81,22.8913082,120.6394174,1609821419.0
2021-01-05 12:36:59,22.8913017,120.6394343,170.24,291,1.81,22.8913082,120.6394174,1609821419.0
2021-01-05 12:37:00,22.8913017,120.6394343,170.24,291,1.81,22.8913082,120.6394174,1609821420.0
2021-01-05 12:37:00,22.8913053,120.6394321,170.22,291,1.74,22.8913115,120.6394159,1609821420.0
2021-01-05 12:37:00,22.8913053,120.6394321,170.22,291,1.74,22.8913115,120.6394159,1609821420.0
2021-01-05 12:37:00,22.8913053,120.6394321,170.22,291,1.74,22.8913115,120.6394159,1609821420.0
2021-01-05 12:37:01,22.8913064,120.6394325,170.13,291,1.71,22.8913125,120.6394165,1609821421.0
2021-01-05 12:37:01,22.8913064,120.6394325,170.13,291,1.71,22.8913125,120.6394165,1609821421.0
2021-01-05 12:37:01,22.8913064,120.6394325,170.13,291,1.71,22.8913125,120.6394165,1609821421.0
2021-01-05 12:37:02,22.8913086,120.6394314,170.15,291,1.7,22.8913147,120.6394155,1609821422.0
2021-01-05 12:37:02,22.8913086,120.6394314,170.15,291,1.7,22.8913147,120.6394155,1609821422.0
2021-01-05 12:37:02,22.8913086,120.6394314,170.15,291,1.7,22.8913147,120.6394155,1609821422.0
2021-01-05 12:37:03,22.8913088,120.6394313,170.01,291,1.87,22.8913155,120.6394138,1609821423.0
2021-01-05 12:37:03,22.8913088,120.6394313,170.01,291,1.87,22.8913155,120.6394138,1609821423.0
2021-01-05 12:37:04,22.8913088,120.6394313,170.01,291,1.87,22.8913155,120.6394138,1609821424.0
2021-01-05 12:37:04,22.8913087,120.6394321,170.13,291,1.95,22.8913157,120.6394139,1609821424.0
2021-01-05 12:37:04,22.8913087,120.6394321,170.13,291,1.95,22.8913157,120.6394139,1609821424.0
2021-01-05 12:37:04,22.8913087,120.6394321,170.13,291,1.95,22.8913157,120.6394139,1609821424.0
2021-01-05 12:37:05,22.8913105,120.6394305,170.12,291,1.85,22.8913171,120.6394132,1609821425.0
2021-01-05 12:37:05,22.8913105,120.6394305,170.12,291,1.85,22.8913171,120.6394132,1609821425.0
2021-01-05 12:37:05,22.8913105,120.6394305,170.12,291,1.85,22.8913171,120.6394132,1609821425.0
2021-01-05 12:37:06,22.8913101,120.6394293,170.07,291,1.74,22.8913163,120.6394131,1609821426.0
2021-01-05 12:37:06,22.8913101,120.6394293,170.07,291,1.74,22.8913163,120.6394131,1609821426.0
2021-01-05 12:37:06,22.8913101,120.6394293,170.07,291,1.74,22.8913163,120.6394131,1609821426.0
2021-01-05 12:37:07,22.8913098,120.6394279,169.99,291,1.73,22.891316,120.6394117,1609821427.0
2021-01-05 12:37:07,22.8913098,120.6394279,169.99,291,1.73,22.891316,120.6394117,1609821427.0
2021-01-05 12:37:08,22.8913098,120.6394279,169.99,291,1.73,22.891316,120.6394117,1609821428.0
2021-01-05 12:37:08,22.8913091,120.6394254,169.93,291,1.58,22.8913148,120.6394106,1609821428.0
2021-01-05 12:37:08,22.8913091,120.6394254,169.93,291,1.58,22.8913148,120.6394106,1609821428.0
2021-01-05 12:37:08,22.8913091,120.6394254,169.93,291,1.58,22.8913148,120.6394106,1609821428.0
2021-01-05 12:37:09,22.8913106,120.6394254,169.93,291,1.58,22.8913163,120.6394106,1609821429.0
2021-01-05 12:37:09,22.8913106,120.6394254,169.93,291,1.58,22.8913163,120.6394106,1609821429.0
2021-01-05 12:37:09,22.8913106,120.6394254,169.93,291,1.58,22.8913163,120.6394106,1609821429.0
2021-01-05 12:37:10,22.8913115,120.6394232,170.18,291,1.48,22.8913168,120.6394094,1609821430.0
2021-01-05 12:37:10,22.8913115,120.6394232,170.18,291,1.48,22.8913168,120.6394094,1609821430.0
2021-01-05 12:37:10,22.8913115,120.6394232,170.18,291,1.48,22.8913168,120.6394094,1609821430.0
2021-01-05 12:37:11,22.8913112,120.6394217,170.08,291,1.24,22.8913156,120.6394101,1609821431.0
2021-01-05 12:37:11,22.8913112,120.6394217,170.08,291,1.24,22.8913156,120.6394101,1609821431.0
2021-01-05 12:37:12,22.8913112,120.6394217,170.08,291,1.24,22.8913156,120.6394101,1609821432.0
2021-01-05 12:37:12,22.8913092,120.6394224,170.07,332,2.83,22.8913342,120.6394091,1609821432.0
2021-01-05 12:37:12,22.8913092,120.6394224,170.07,332,2.83,22.8913342,120.6394091,1609821432.0
2021-01-05 12:37:12,22.8913092,120.6394224,170.07,332,2.83,22.8913342,120.6394091,1609821432.0
2021-01-05 12:37:13,22.8913125,120.6394370,169.99,17,0.0,22.8913125,120.639437,1609821433.0
2021-01-05 12:37:13,22.8913125,120.6394370,169.99,17,0.0,22.8913125,120.639437,1609821433.0
2021-01-05 12:37:13,22.8913125,120.6394370,169.99,17,0.0,22.8913125,120.639437,1609821433.0
2021-01-05 12:37:14,22.8913181,120.6394507,169.54,19,0.0,22.8913181,120.6394507,1609821434.0
2021-01-05 12:37:14,22.8913181,120.6394507,169.54,19,0.0,22.8913181,120.6394507,1609821434.0
2021-01-05 12:37:15,22.8913250,120.6394580,168.87,16,0.0,22.891325,120.639458,1609821435.0
2021-01-05 12:37:15,22.8913250,120.6394580,168.87,16,0.0,22.891325,120.639458,1609821435.0
2021-01-05 12:37:16,22.8913250,120.6394580,168.87,16,0.0,22.891325,120.639458,1609821436.0
2021-01-05 12:37:16,22.8913584,120.6394797,168.5,1,0.0,22.8913584,120.6394797,1609821436.0
2021-01-05 12:37:16,22.8913584,120.6394797,168.5,1,0.0,22.8913584,120.6394797,1609821436.0
2021-01-05 12:37:17,22.8913584,120.6394797,168.5,1,0.0,22.8913584,120.6394797,1609821437.0
2021-01-05 12:37:17,22.8913876,120.6394833,167.98,344,0.0,22.8913876,120.6394833,1609821437.0
2021-01-05 12:37:17,22.8913876,120.6394833,167.98,344,0.0,22.8913876,120.6394833,1609821437.0
2021-01-05 12:37:17,22.8913876,120.6394833,167.98,344,0.0,22.8913876,120.6394833,1609821437.0
2021-01-05 12:37:18,22.8914295,120.6394836,167.59,333,0.0,22.8914295,120.6394836,1609821438.0
2021-01-05 12:37:18,22.8914295,120.6394836,167.59,333,0.0,22.8914295,120.6394836,1609821438.0
2021-01-05 12:37:18,22.8914295,120.6394836,167.59,333,0.0,22.8914295,120.6394836,1609821438.0
2021-01-05 12:37:19,22.8914587,120.6394787,167.19,323,0.0,22.8914587,120.6394787,1609821439.0
2021-01-05 12:37:19,22.8914587,120.6394787,167.19,323,0.0,22.8914587,120.6394787,1609821439.0
2021-01-05 12:37:20,22.8914587,120.6394787,167.19,323,0.0,22.8914587,120.6394787,1609821440.0
2021-01-05 12:37:20,22.8914856,120.6394619,166.82,317,0.0,22.8914856,120.6394619,1609821440.0
2021-01-05 12:37:20,22.8914856,120.6394619,166.82,317,0.0,22.8914856,120.6394619,1609821440.0
2021-01-05 12:37:21,22.8914856,120.6394619,166.82,317,0.0,22.8914856,120.6394619,1609821441.0
2021-01-05 12:37:21,22.8915069,120.6394477,166.45,317,0.0,22.8915069,120.6394477,1609821441.0
2021-01-05 12:37:21,22.8915069,120.6394477,166.45,317,0.0,22.8915069,120.6394477,1609821441.0
2021-01-05 12:37:21,22.8915069,120.6394477,166.45,317,0.0,22.8915069,120.6394477,1609821441.0
2021-01-05 12:37:22,22.8915407,120.6394226,165.95,314,0.0,22.8915407,120.6394226,1609821442.0
2021-01-05 12:37:22,22.8915407,120.6394226,165.95,314,0.0,22.8915407,120.6394226,1609821442.0
2021-01-05 12:37:22,22.8915407,120.6394226,165.95,314,0.0,22.8915407,120.6394226,1609821442.0
2021-01-05 12:37:23,22.8915590,120.6394088,165.74,310,0.0,22.891559,120.6394088,1609821443.0
2021-01-05 12:37:23,22.8915590,120.6394088,165.74,310,0.0,22.891559,120.6394088,1609821443.0
2021-01-05 12:37:24,22.8915590,120.6394088,165.74,310,0.0,22.891559,120.6394088,1609821444.0
2021-01-05 12:37:24,22.8915821,120.6393821,165.15,285,0.0,22.8915821,120.6393821,1609821444.0
2021-01-05 12:37:24,22.8915821,120.6393821,165.15,285,0.0,22.8915821,120.6393821,1609821444.0
2021-01-05 12:37:25,22.8915821,120.6393821,165.15,285,0.0,22.8915821,120.6393821,1609821445.0
2021-01-05 12:37:25,22.8915870,120.6393704,164.93,271,0.0,22.891587,120.6393704,1609821445.0
2021-01-05 12:37:25,22.8915870,120.6393704,164.93,271,0.0,22.891587,120.6393704,1609821445.0
2021-01-05 12:37:25,22.8915870,120.6393704,164.93,271,0.0,22.891587,120.6393704,1609821445.0
2021-01-05 12:37:26,22.8915944,120.6393512,164.84,270,33.37,22.8915944,120.6390175,1609821446.0
2021-01-05 12:37:26,22.8915944,120.6393512,164.84,270,33.37,22.8915944,120.6390175,1609821446.0
2021-01-05 12:37:26,22.8915944,120.6393512,164.84,270,33.37,22.8915944,120.6390175,1609821446.0
2021-01-05 12:37:27,22.8915940,120.6393249,164.53,270,0.0,22.891594,120.6393249,1609821447.0
2021-01-05 12:37:27,22.8915940,120.6393249,164.53,270,0.0,22.891594,120.6393249,1609821447.0
2021-01-05 12:37:28,22.8915940,120.6393249,164.53,270,0.0,22.891594,120.6393249,1609821448.0
2021-01-05 12:37:28,22.8915901,120.6393072,164.19,275,0.0,22.8915901,120.6393072,1609821448.0
2021-01-05 12:37:28,22.8915901,120.6393072,164.19,275,0.0,22.8915901,120.6393072,1609821448.0
2021-01-05 12:37:29,22.8915901,120.6393072,164.19,275,0.0,22.8915901,120.6393072,1609821449.0
2021-01-05 12:37:29,22.8915846,120.6392853,163.63,303,33.79,22.8917686,120.6390019,1609821449.0
2021-01-05 12:37:29,22.8915846,120.6392853,163.63,303,33.79,22.8917686,120.6390019,1609821449.0
2021-01-05 12:37:29,22.8915846,120.6392853,163.63,303,33.79,22.8917686,120.6390019,1609821449.0
2021-01-05 12:37:30,22.8915867,120.6392679,163.25,315,12.33,22.8916739,120.6391807,1609821450.0
2021-01-05 12:37:30,22.8915867,120.6392679,163.25,315,12.33,22.8916739,120.6391807,1609821450.0
2021-01-05 12:37:30,22.8915867,120.6392679,163.25,315,12.33,22.8916739,120.6391807,1609821450.0
2021-01-05 12:37:31,22.8915949,120.6392525,163.22,311,0.0,22.8915949,120.6392525,1609821451.0
2021-01-05 12:37:31,22.8915949,120.6392525,163.22,311,0.0,22.8915949,120.6392525,1609821451.0
2021-01-05 12:37:32,22.8915949,120.6392525,163.22,311,0.0,22.8915949,120.6392525,1609821452.0
2021-01-05 12:37:32,22.8916022,120.6392370,163.3,300,28.75,22.891746,120.638988,1609821452.0
2021-01-05 12:37:32,22.8916022,120.6392370,163.3,300,28.75,22.891746,120.638988,1609821452.0
2021-01-05 12:37:33,22.8916022,120.6392370,163.3,300,28.75,22.891746,120.638988,1609821453.0
2021-01-05 12:37:33,22.8916074,120.6392220,163.29,290,0.0,22.8916074,120.639222,1609821453.0
2021-01-05 12:37:33,22.8916074,120.6392220,163.29,290,0.0,22.8916074,120.639222,1609821453.0
2021-01-05 12:37:33,22.8916074,120.6392220,163.29,290,0.0,22.8916074,120.639222,1609821453.0
2021-01-05 12:37:34,22.8916085,120.6392092,163.0,287,0.0,22.8916085,120.6392092,1609821454.0
2021-01-05 12:37:34,22.8916085,120.6392092,163.0,287,0.0,22.8916085,120.6392092,1609821454.0
2021-01-05 12:37:34,22.8916085,120.6392092,163.0,287,0.0,22.8916085,120.6392092,1609821454.0
2021-01-05 12:37:35,22.8916096,120.6391967,162.84,289,20.85,22.8916775,120.6389996,1609821455.0
2021-01-05 12:37:35,22.8916096,120.6391967,162.84,289,20.85,22.8916775,120.6389996,1609821455.0
2021-01-05 12:37:36,22.8916096,120.6391967,162.84,289,20.85,22.8916775,120.6389996,1609821456.0
2021-01-05 12:37:36,22.8916114,120.6391809,162.53,52,4.36,22.8916382,120.6392153,1609821456.0
2021-01-05 12:37:36,22.8916114,120.6391809,162.53,52,4.36,22.8916382,120.6392153,1609821456.0
2021-01-05 12:37:37,22.8916114,120.6391809,162.53,52,4.36,22.8916382,120.6392153,1609821457.0
2021-01-05 12:37:37,22.8916168,120.6391719,162.73,97,0.0,22.8916168,120.6391719,1609821457.0
2021-01-05 12:37:37,22.8916168,120.6391719,162.73,97,0.0,22.8916168,120.6391719,1609821457.0
2021-01-05 12:37:37,22.8916168,120.6391719,162.73,97,0.0,22.8916168,120.6391719,1609821457.0
2021-01-05 12:37:38,22.8916181,120.6391673,162.76,96,0.0,22.8916181,120.6391673,1609821458.0
2021-01-05 12:37:38,22.8916181,120.6391673,162.76,96,0.0,22.8916181,120.6391673,1609821458.0
2021-01-05 12:37:38,22.8916181,120.6391673,162.76,96,0.0,22.8916181,120.6391673,1609821458.0
2021-01-05 12:37:39,22.8916166,120.6391662,162.07,96,0.0,22.8916166,120.6391662,1609821459.0
2021-01-05 12:37:39,22.8916166,120.6391662,162.07,96,0.0,22.8916166,120.6391662,1609821459.0
2021-01-05 12:37:40,22.8916166,120.6391662,162.07,96,0.0,22.8916166,120.6391662,1609821460.0
2021-01-05 12:37:40,22.8916131,120.6391675,161.7,96,27.3,22.8915846,120.639439,1609821460.0
2021-01-05 12:37:40,22.8916131,120.6391675,161.7,96,27.3,22.8915846,120.639439,1609821460.0
2021-01-05 12:37:41,22.8916131,120.6391675,161.7,96,27.3,22.8915846,120.639439,1609821461.0
2021-01-05 12:37:41,22.8916112,120.6391685,162.12,96,0.0,22.8916112,120.6391685,1609821461.0
2021-01-05 12:37:41,22.8916112,120.6391685,162.12,96,0.0,22.8916112,120.6391685,1609821461.0
2021-01-05 12:37:41,22.8916112,120.6391685,162.12,96,0.0,22.8916112,120.6391685,1609821461.0
2021-01-05 12:37:42,22.8916093,120.6391729,161.87,96,19.98,22.8915884,120.6393716,1609821462.0
2021-01-05 12:37:42,22.8916093,120.6391729,161.87,96,19.98,22.8915884,120.6393716,1609821462.0
2021-01-05 12:37:42,22.8916093,120.6391729,161.87,96,19.98,22.8915884,120.6393716,1609821462.0
2021-01-05 12:37:43,22.8916077,120.6391794,161.61,96,0.0,22.8916077,120.6391794,1609821463.0
2021-01-05 12:37:43,22.8916077,120.6391794,161.61,96,0.0,22.8916077,120.6391794,1609821463.0
2021-01-05 12:37:44,22.8916077,120.6391794,161.61,96,0.0,22.8916077,120.6391794,1609821464.0
2021-01-05 12:37:44,22.8916066,120.6391839,161.23,96,0.0,22.8916066,120.6391839,1609821464.0
2021-01-05 12:37:44,22.8916066,120.6391839,161.23,96,0.0,22.8916066,120.6391839,1609821464.0
2021-01-05 12:37:45,22.8916066,120.6391839,161.23,96,0.0,22.8916066,120.6391839,1609821465.0
2021-01-05 12:37:45,22.8916074,120.6391889,161.29,97,0.0,22.8916074,120.6391889,1609821465.0
2021-01-05 12:37:45,22.8916074,120.6391889,161.29,97,0.0,22.8916074,120.6391889,1609821465.0
2021-01-05 12:37:45,22.8916074,120.6391889,161.29,97,0.0,22.8916074,120.6391889,1609821465.0
2021-01-05 12:37:46,22.8916095,120.6391940,161.42,96,0.0,22.8916095,120.639194,1609821466.0
2021-01-05 12:37:46,22.8916095,120.6391940,161.42,96,0.0,22.8916095,120.639194,1609821466.0
2021-01-05 12:37:46,22.8916095,120.6391940,161.42,96,0.0,22.8916095,120.639194,1609821466.0
2021-01-05 12:37:47,22.8916118,120.6391991,161.4,96,0.0,22.8916118,120.6391991,1609821467.0
2021-01-05 12:37:47,22.8916118,120.6391991,161.4,96,0.0,22.8916118,120.6391991,1609821467.0
2021-01-05 12:37:48,22.8916118,120.6391991,161.4,96,0.0,22.8916118,120.6391991,1609821468.0
2021-01-05 12:37:48,22.8916130,120.6392009,161.01,96,0.0,22.891613,120.6392009,1609821468.0
2021-01-05 12:37:48,22.8916130,120.6392009,161.01,96,0.0,22.891613,120.6392009,1609821468.0
2021-01-05 12:37:49,22.8916130,120.6392009,161.01,96,0.0,22.891613,120.6392009,1609821469.0
2021-01-05 12:37:49,22.8916147,120.6391999,160.84,96,2.14,22.8916125,120.6392212,1609821469.0
2021-01-05 12:37:49,22.8916147,120.6391999,160.84,96,2.14,22.8916125,120.6392212,1609821469.0
2021-01-05 12:37:49,22.8916147,120.6391999,160.84,96,2.14,22.8916125,120.6392212,1609821469.0
2021-01-05 12:37:50,22.8916146,120.6392013,160.92,96,2.11,22.8916124,120.6392223,1609821470.0
2021-01-05 12:37:50,22.8916146,120.6392013,160.92,96,2.11,22.8916124,120.6392223,1609821470.0
2021-01-05 12:37:50,22.8916146,120.6392013,160.92,96,2.11,22.8916124,120.6392223,1609821470.0
2021-01-05 12:37:51,22.8916150,120.6392024,160.73,96,1.8,22.8916131,120.6392203,1609821471.0
2021-01-05 12:37:51,22.8916150,120.6392024,160.73,96,1.8,22.8916131,120.6392203,1609821471.0
2021-01-05 12:37:52,22.8916150,120.6392024,160.73,96,1.8,22.8916131,120.6392203,1609821472.0
2021-01-05 12:37:52,22.8916142,120.6392022,160.46,96,2.14,22.891612,120.6392235,1609821472.0
2021-01-05 12:37:52,22.8916142,120.6392022,160.46,96,2.14,22.891612,120.6392235,1609821472.0
2021-01-05 12:37:53,22.8916142,120.6392022,160.46,96,2.14,22.891612,120.6392235,1609821473.0
2021-01-05 12:37:53,22.8916147,120.6392011,160.33,96,1.61,22.891613,120.6392171,1609821473.0
2021-01-05 12:37:53,22.8916147,120.6392011,160.33,96,1.61,22.891613,120.6392171,1609821473.0
2021-01-05 12:37:53,22.8916147,120.6392011,160.33,96,1.61,22.891613,120.6392171,1609821473.0
2021-01-05 12:37:54,22.8916151,120.6392008,160.32,96,1.56,22.8916135,120.6392163,1609821474.0
2021-01-05 12:37:54,22.8916151,120.6392008,160.32,96,1.56,22.8916135,120.6392163,1609821474.0
2021-01-05 12:37:54,22.8916151,120.6392008,160.32,96,1.56,22.8916135,120.6392163,1609821474.0
2021-01-05 12:37:55,22.8916156,120.6392009,160.33,96,13.26,22.8916017,120.6393328,1609821475.0
2021-01-05 12:37:55,22.8916156,120.6392009,160.33,96,13.26,22.8916017,120.6393328,1609821475.0
2021-01-05 12:37:56,22.8916156,120.6392009,160.33,96,13.26,22.8916017,120.6393328,1609821476.0
2021-01-05 12:37:56,22.8916158,120.6392007,160.33,95,9.82,22.8916072,120.6392985,1609821476.0
2021-01-05 12:37:56,22.8916158,120.6392007,160.33,95,9.82,22.8916072,120.6392985,1609821476.0
2021-01-05 12:37:57,22.8916158,120.6392007,160.33,95,9.82,22.8916072,120.6392985,1609821477.0
2021-01-05 12:37:57,22.8916159,120.6392010,160.33,95,1.54,22.8916146,120.6392163,1609821477.0
2021-01-05 12:37:57,22.8916159,120.6392010,160.33,95,1.54,22.8916146,120.6392163,1609821477.0
2021-01-05 12:37:57,22.8916159,120.6392010,160.33,95,1.54,22.8916146,120.6392163,1609821477.0
2021-01-05 12:37:58,22.8916164,120.6392005,160.35,95,1.6,22.891615,120.6392164,1609821478.0
2021-01-05 12:37:58,22.8916164,120.6392005,160.35,95,1.6,22.891615,120.6392164,1609821478.0
2021-01-05 12:37:58,22.8916164,120.6392005,160.35,95,1.6,22.891615,120.6392164,1609821478.0
2021-01-05 12:37:59,22.8916165,120.6392002,160.35,95,1.08,22.8916156,120.639211,1609821479.0
2021-01-05 12:37:59,22.8916165,120.6392002,160.35,95,1.08,22.8916156,120.639211,1609821479.0
2021-01-05 12:38:00,22.8916165,120.6392002,160.35,95,1.08,22.8916156,120.639211,1609821480.0
2021-01-05 12:38:00,22.8916164,120.6392002,160.36,95,0.0,22.8916164,120.6392002,1609821480.0
2021-01-05 12:38:00,22.8916164,120.6392002,160.36,95,0.0,22.8916164,120.6392002,1609821480.0
2021-01-05 12:38:01,22.8916164,120.6392002,160.36,95,0.0,22.8916164,120.6392002,1609821481.0
2021-01-05 12:38:01,22.8916166,120.6392001,160.39,95,8.81,22.8916089,120.6392879,1609821481.0
2021-01-05 12:38:01,22.8916166,120.6392001,160.39,95,8.81,22.8916089,120.6392879,1609821481.0
2021-01-05 12:38:01,22.8916166,120.6392001,160.39,95,8.81,22.8916089,120.6392879,1609821481.0
2021-01-05 12:38:02,22.8916167,120.6391999,160.4,95,7.81,22.8916099,120.6392777,1609821482.0
2021-01-05 12:38:02,22.8916167,120.6391999,160.4,95,7.81,22.8916099,120.6392777,1609821482.0
2021-01-05 12:38:02,22.8916167,120.6391999,160.4,95,7.81,22.8916099,120.6392777,1609821482.0
2021-01-05 12:38:03,22.8916168,120.6391996,160.4,94,7.32,22.8916117,120.6392726,1609821483.0
2021-01-05 12:38:03,22.8916168,120.6391996,160.4,94,7.32,22.8916117,120.6392726,1609821483.0
2021-01-05 12:38:04,22.8916168,120.6391996,160.4,94,7.32,22.8916117,120.6392726,1609821484.0
2021-01-05 12:38:04,22.8916169,120.6391993,160.38,94,6.17,22.8916126,120.6392608,1609821484.0
2021-01-05 12:38:04,22.8916169,120.6391993,160.38,94,6.17,22.8916126,120.6392608,1609821484.0
2021-01-05 12:38:05,22.8916169,120.6391993,160.38,94,6.17,22.8916126,120.6392608,1609821485.0
2021-01-05 12:38:05,22.8916169,120.6391991,160.36,94,3.45,22.8916145,120.6392335,1609821485.0
2021-01-05 12:38:05,22.8916169,120.6391991,160.36,94,3.45,22.8916145,120.6392335,1609821485.0
2021-01-05 12:38:05,22.8916169,120.6391991,160.36,94,3.45,22.8916145,120.6392335,1609821485.0
2021-01-05 12:38:06,22.8916170,120.6391992,160.35,94,0.0,22.891617,120.6391992,1609821486.0
2021-01-05 12:38:06,22.8916170,120.6391992,160.35,94,0.0,22.891617,120.6391992,1609821486.0
2021-01-05 12:38:06,22.8916170,120.6391992,160.35,94,0.0,22.891617,120.6391992,1609821486.0
2021-01-05 12:38:07,22.8916172,120.6391992,160.34,94,0.0,22.8916172,120.6391992,1609821487.0
2021-01-05 12:38:07,22.8916172,120.6391992,160.34,94,0.0,22.8916172,120.6391992,1609821487.0
2021-01-05 12:38:08,22.8916172,120.6391992,160.34,94,0.0,22.8916172,120.6391992,1609821488.0
2021-01-05 12:38:08,22.8916173,120.6391996,160.37,93,0.0,22.8916173,120.6391996,1609821488.0
2021-01-05 12:38:08,22.8916173,120.6391996,160.37,93,0.0,22.8916173,120.6391996,1609821488.0
2021-01-05 12:38:09,22.8916173,120.6391996,160.37,93,0.0,22.8916173,120.6391996,1609821489.0
2021-01-05 12:38:09,22.8916172,120.6391993,160.37,93,0.0,22.8916172,120.6391993,1609821489.0
2021-01-05 12:38:09,22.8916172,120.6391993,160.37,93,0.0,22.8916172,120.6391993,1609821489.0
2021-01-05 12:38:09,22.8916172,120.6391993,160.37,93,0.0,22.8916172,120.6391993,1609821489.0
2021-01-05 12:38:10,22.8916174,120.6391999,160.34,93,0.0,22.8916174,120.6391999,1609821490.0
2021-01-05 12:38:10,22.8916174,120.6391999,160.34,93,0.0,22.8916174,120.6391999,1609821490.0
2021-01-05 12:38:10,22.8916174,120.6391999,160.34,93,0.0,22.8916174,120.6391999,1609821490.0
2021-01-05 12:38:11,22.8916173,120.6392001,160.37,93,0.0,22.8916173,120.6392001,1609821491.0
2021-01-05 12:38:11,22.8916173,120.6392001,160.37,93,0.0,22.8916173,120.6392001,1609821491.0
2021-01-05 12:38:12,22.8916173,120.6392001,160.37,93,0.0,22.8916173,120.6392001,1609821492.0
2021-01-05 12:38:12,22.8916178,120.6392001,160.43,93,0.0,22.8916178,120.6392001,1609821492.0
2021-01-05 12:38:12,22.8916178,120.6392001,160.43,93,0.0,22.8916178,120.6392001,1609821492.0
2021-01-05 12:38:13,22.8916178,120.6392001,160.43,93,0.0,22.8916178,120.6392001,1609821493.0
