2021-01-07 13:03:00,22.8916913,120.6390057,159.89,185,0.0,22.8916913,120.6390057,1609995780.0
2021-01-07 13:03:00,22.8916940,120.6390006,160.36,185,0.0,22.891694,120.6390006,1609995780.0
2021-01-07 13:03:00,22.8916940,120.6390006,160.36,185,0.0,22.891694,120.6390006,1609995780.0
2021-01-07 13:03:00,22.8916940,120.6390006,160.36,185,0.0,22.891694,120.6390006,1609995780.0
2021-01-07 13:03:01,22.8916955,120.6389861,161.11,186,0.0,22.8916955,120.6389861,1609995781.0
2021-01-07 13:03:01,22.8916955,120.6389861,161.11,186,0.0,22.8916955,120.6389861,1609995781.0
2021-01-07 13:03:01,22.8916955,120.6389861,161.11,186,0.0,22.8916955,120.6389861,1609995781.0
2021-01-07 13:03:02,22.8916909,120.6389774,161.29,186,0.0,22.8916909,120.6389774,1609995782.0
2021-01-07 13:03:02,22.8916909,120.6389774,161.29,186,0.0,22.8916909,120.6389774,1609995782.0
2021-01-07 13:03:03,22.8916785,120.6389778,161.55,185,0.0,22.8916785,120.6389778,1609995783.0
2021-01-07 13:03:03,22.8916785,120.6389778,161.55,185,0.0,22.8916785,120.6389778,1609995783.0
2021-01-07 13:03:04,22.8916785,120.6389778,161.55,185,0.0,22.8916785,120.6389778,1609995784.0
2021-01-07 13:03:04,22.8916599,120.6389782,161.9,185,13.54,22.891525,120.6389664,1609995784.0
2021-01-07 13:03:04,22.8916599,120.6389782,161.9,185,13.54,22.891525,120.6389664,1609995784.0
2021-01-07 13:03:04,22.8916599,120.6389782,161.9,185,13.54,22.891525,120.6389664,1609995784.0
2021-01-07 13:03:05,22.8916427,120.6389773,162.14,185,11.8,22.8915251,120.638967,1609995785.0
2021-01-07 13:03:05,22.8916427,120.6389773,162.14,185,11.8,22.8915251,120.638967,1609995785.0
2021-01-07 13:03:05,22.8916427,120.6389773,162.14,185,11.8,22.8915251,120.638967,1609995785.0
2021-01-07 13:03:06,22.8916259,120.6389759,162.11,185,9.57,22.8915306,120.6389676,1609995786.0
2021-01-07 13:03:06,22.8916259,120.6389759,162.11,185,9.57,22.8915306,120.6389676,1609995786.0
2021-01-07 13:03:07,22.8916104,120.6389737,161.84,186,7.74,22.8915334,120.6389656,1609995787.0
2021-01-07 13:03:07,22.8916104,120.6389737,161.84,186,7.74,22.8915334,120.6389656,1609995787.0
2021-01-07 13:03:08,22.8916104,120.6389737,161.84,186,7.74,22.8915334,120.6389656,1609995788.0
2021-01-07 13:03:08,22.8916027,120.6389717,162.09,185,7.22,22.8915308,120.6389654,1609995788.0
2021-01-07 13:03:08,22.8916027,120.6389717,162.09,185,7.22,22.8915308,120.6389654,1609995788.0
2021-01-07 13:03:08,22.8916027,120.6389717,162.09,185,7.22,22.8915308,120.6389654,1609995788.0
2021-01-07 13:03:09,22.8916014,120.6389716,162.09,185,7.1,22.8915307,120.6389654,1609995789.0
2021-01-07 13:03:09,22.8916014,120.6389716,162.09,185,7.1,22.8915307,120.6389654,1609995789.0
2021-01-07 13:03:09,22.8916014,120.6389716,162.09,185,7.1,22.8915307,120.6389654,1609995789.0
2021-01-07 13:03:10,22.8916004,120.6389710,160.74,185,0.0,22.8916004,120.638971,1609995790.0
2021-01-07 13:03:10,22.8916004,120.6389710,160.74,185,0.0,22.8916004,120.638971,1609995790.0
2021-01-07 13:03:11,22.8916003,120.6389716,159.12,185,0.0,22.8916003,120.6389716,1609995791.0
2021-01-07 13:03:11,22.8916003,120.6389716,159.12,185,0.0,22.8916003,120.6389716,1609995791.0
2021-01-07 13:03:12,22.8916003,120.6389716,159.12,185,0.0,22.8916003,120.6389716,1609995792.0
2021-01-07 13:03:12,22.8915990,120.6389713,158.22,185,0.0,22.891599,120.6389713,1609995792.0
2021-01-07 13:03:12,22.8915990,120.6389713,158.22,185,0.0,22.891599,120.6389713,1609995792.0
2021-01-07 13:03:12,22.8915990,120.6389713,158.22,185,0.0,22.891599,120.6389713,1609995792.0
2021-01-07 13:03:13,22.8915922,120.6389695,157.77,185,0.0,22.8915922,120.6389695,1609995793.0
2021-01-07 13:03:13,22.8915922,120.6389695,157.77,185,0.0,22.8915922,120.6389695,1609995793.0
2021-01-07 13:03:13,22.8915922,120.6389695,157.77,185,0.0,22.8915922,120.6389695,1609995793.0
2021-01-07 13:03:14,22.8915749,120.6389656,157.63,185,0.0,22.8915749,120.6389656,1609995794.0
2021-01-07 13:03:14,22.8915749,120.6389656,157.63,185,0.0,22.8915749,120.6389656,1609995794.0
2021-01-07 13:03:15,22.8915749,120.6389656,157.63,185,0.0,22.8915749,120.6389656,1609995795.0
2021-01-07 13:03:15,22.8915568,120.6389639,157.75,185,0.0,22.8915568,120.6389639,1609995795.0
2021-01-07 13:03:15,22.8915568,120.6389639,157.75,185,0.0,22.8915568,120.6389639,1609995795.0
2021-01-07 13:03:15,22.8915568,120.6389639,157.75,185,0.0,22.8915568,120.6389639,1609995795.0
2021-01-07 13:03:16,22.8915399,120.6389633,157.47,185,0.0,22.8915399,120.6389633,1609995796.0
2021-01-07 13:03:16,22.8915399,120.6389633,157.47,185,0.0,22.8915399,120.6389633,1609995796.0
2021-01-07 13:03:16,22.8915399,120.6389633,157.47,185,0.0,22.8915399,120.6389633,1609995796.0
2021-01-07 13:03:17,22.8915279,120.6389633,157.02,185,0.0,22.8915279,120.6389633,1609995797.0
2021-01-07 13:03:17,22.8915279,120.6389633,157.02,185,0.0,22.8915279,120.6389633,1609995797.0
2021-01-07 13:03:17,22.8915279,120.6389633,157.02,185,0.0,22.8915279,120.6389633,1609995797.0
2021-01-07 13:03:18,22.8915254,120.6389615,156.96,185,0.0,22.8915254,120.6389615,1609995798.0
2021-01-07 13:03:18,22.8915254,120.6389615,156.96,185,0.0,22.8915254,120.6389615,1609995798.0
2021-01-07 13:03:19,22.8915254,120.6389615,156.96,185,0.0,22.8915254,120.6389615,1609995799.0
2021-01-07 13:03:19,22.8915240,120.6389621,157.23,185,0.0,22.891524,120.6389621,1609995799.0
2021-01-07 13:03:19,22.8915240,120.6389621,157.23,185,0.0,22.891524,120.6389621,1609995799.0
2021-01-07 13:03:19,22.8915240,120.6389621,157.23,185,0.0,22.891524,120.6389621,1609995799.0
2021-01-07 13:03:20,22.8915258,120.6389650,157.25,185,0.0,22.8915258,120.638965,1609995800.0
2021-01-07 13:03:20,22.8915258,120.6389650,157.25,185,0.0,22.8915258,120.638965,1609995800.0
2021-01-07 13:03:20,22.8915258,120.6389650,157.25,185,0.0,22.8915258,120.638965,1609995800.0
2021-01-07 13:03:21,22.8915282,120.6389684,157.4,185,0.0,22.8915282,120.6389684,1609995801.0
2021-01-07 13:03:21,22.8915282,120.6389684,157.4,185,0.0,22.8915282,120.6389684,1609995801.0
2021-01-07 13:03:22,22.8915324,120.6389692,157.53,185,0.0,22.8915324,120.6389692,1609995802.0
2021-01-07 13:03:22,22.8915324,120.6389692,157.53,185,0.0,22.8915324,120.6389692,1609995802.0
2021-01-07 13:03:23,22.8915324,120.6389692,157.53,185,0.0,22.8915324,120.6389692,1609995803.0
2021-01-07 13:03:23,22.8915328,120.6389669,157.46,185,0.0,22.8915328,120.6389669,1609995803.0
2021-01-07 13:03:23,22.8915328,120.6389669,157.46,185,0.0,22.8915328,120.6389669,1609995803.0
2021-01-07 13:03:24,22.8915328,120.6389669,157.46,185,0.0,22.8915328,120.6389669,1609995804.0
2021-01-07 13:03:24,22.8915340,120.6389694,157.33,185,0.0,22.891534,120.6389694,1609995804.0
2021-01-07 13:03:24,22.8915340,120.6389694,157.33,185,0.0,22.891534,120.6389694,1609995804.0
2021-01-07 13:03:24,22.8915340,120.6389694,157.33,185,0.0,22.891534,120.6389694,1609995804.0
2021-01-07 13:03:25,22.8915344,120.6389717,158.07,185,0.0,22.8915344,120.6389717,1609995805.0
2021-01-07 13:03:25,22.8915344,120.6389717,158.07,185,0.0,22.8915344,120.6389717,1609995805.0
2021-01-07 13:03:26,22.8915357,120.6389721,158.42,184,0.0,22.8915357,120.6389721,1609995806.0
2021-01-07 13:03:26,22.8915357,120.6389721,158.42,184,0.0,22.8915357,120.6389721,1609995806.0
2021-01-07 13:03:27,22.8915357,120.6389721,158.42,184,0.0,22.8915357,120.6389721,1609995807.0
2021-01-07 13:03:27,22.8915394,120.6389705,158.4,184,0.0,22.8915394,120.6389705,1609995807.0
2021-01-07 13:03:27,22.8915394,120.6389705,158.4,184,0.0,22.8915394,120.6389705,1609995807.0
2021-01-07 13:03:28,22.8915394,120.6389705,158.4,184,0.0,22.8915394,120.6389705,1609995808.0
2021-01-07 13:03:28,22.8915445,120.6389717,158.45,185,0.0,22.8915445,120.6389717,1609995808.0
2021-01-07 13:03:28,22.8915445,120.6389717,158.45,185,0.0,22.8915445,120.6389717,1609995808.0
2021-01-07 13:03:28,22.8915445,120.6389717,158.45,185,0.0,22.8915445,120.6389717,1609995808.0
2021-01-07 13:03:29,22.8915471,120.6389692,158.7,185,0.0,22.8915471,120.6389692,1609995809.0
2021-01-07 13:03:29,22.8915471,120.6389692,158.7,185,0.0,22.8915471,120.6389692,1609995809.0
2021-01-07 13:03:29,22.8915471,120.6389692,158.7,185,0.0,22.8915471,120.6389692,1609995809.0
2021-01-07 13:03:30,22.8915448,120.6389657,158.72,185,0.0,22.8915448,120.6389657,1609995810.0
2021-01-07 13:03:30,22.8915448,120.6389657,158.72,185,0.0,22.8915448,120.6389657,1609995810.0
2021-01-07 13:03:31,22.8915448,120.6389657,158.72,185,0.0,22.8915448,120.6389657,1609995811.0
2021-01-07 13:03:31,22.8915458,120.6389680,159.2,184,0.0,22.8915458,120.638968,1609995811.0
2021-01-07 13:03:31,22.8915458,120.6389680,159.2,184,0.0,22.8915458,120.638968,1609995811.0
2021-01-07 13:03:31,22.8915458,120.6389680,159.2,184,0.0,22.8915458,120.638968,1609995811.0
2021-01-07 13:03:32,22.8915405,120.6389537,159.07,184,0.0,22.8915405,120.6389537,1609995812.0
2021-01-07 13:03:32,22.8915405,120.6389537,159.07,184,0.0,22.8915405,120.6389537,1609995812.0
2021-01-07 13:03:32,22.8915405,120.6389537,159.07,184,0.0,22.8915405,120.6389537,1609995812.0
2021-01-07 13:03:33,22.8915348,120.6389419,158.6,185,0.0,22.8915348,120.6389419,1609995813.0
2021-01-07 13:03:33,22.8915348,120.6389419,158.6,185,0.0,22.8915348,120.6389419,1609995813.0
2021-01-07 13:03:34,22.8915333,120.6389449,157.78,166,0.0,22.8915333,120.6389449,1609995814.0
2021-01-07 13:03:34,22.8915333,120.6389449,157.78,166,0.0,22.8915333,120.6389449,1609995814.0
2021-01-07 13:03:35,22.8915333,120.6389449,157.78,166,0.0,22.8915333,120.6389449,1609995815.0
2021-01-07 13:03:35,22.8915194,120.6389561,157.26,150,0.0,22.8915194,120.6389561,1609995815.0
2021-01-07 13:03:35,22.8915194,120.6389561,157.26,150,0.0,22.8915194,120.6389561,1609995815.0
2021-01-07 13:03:36,22.8915194,120.6389561,157.26,150,0.0,22.8915194,120.6389561,1609995816.0
2021-01-07 13:03:36,22.8914804,120.6389762,156.71,136,0.0,22.8914804,120.6389762,1609995816.0
2021-01-07 13:03:36,22.8914804,120.6389762,156.71,136,0.0,22.8914804,120.6389762,1609995816.0
2021-01-07 13:03:36,22.8914804,120.6389762,156.71,136,0.0,22.8914804,120.6389762,1609995816.0
2021-01-07 13:03:37,22.8914281,120.6389937,156.17,121,0.0,22.8914281,120.6389937,1609995817.0
2021-01-07 13:03:37,22.8914281,120.6389937,156.17,121,0.0,22.8914281,120.6389937,1609995817.0
2021-01-07 13:03:37,22.8914281,120.6389937,156.17,121,0.0,22.8914281,120.6389937,1609995817.0
2021-01-07 13:03:38,22.8913603,120.6390165,156.61,115,0.0,22.8913603,120.6390165,1609995818.0
2021-01-07 13:03:38,22.8913603,120.6390165,156.61,115,0.0,22.8913603,120.6390165,1609995818.0
2021-01-07 13:03:39,22.8913603,120.6390165,156.61,115,0.0,22.8913603,120.6390165,1609995819.0
2021-01-07 13:03:39,22.8913117,120.6390738,157.06,110,0.0,22.8913117,120.6390738,1609995819.0
2021-01-07 13:03:39,22.8913117,120.6390738,157.06,110,0.0,22.8913117,120.6390738,1609995819.0
2021-01-07 13:03:40,22.8913117,120.6390738,157.06,110,0.0,22.8913117,120.6390738,1609995820.0
2021-01-07 13:03:40,22.8912818,120.6391529,157.2,94,0.0,22.8912818,120.6391529,1609995820.0
2021-01-07 13:03:40,22.8912818,120.6391529,157.2,94,0.0,22.8912818,120.6391529,1609995820.0
2021-01-07 13:03:40,22.8912818,120.6391529,157.2,94,0.0,22.8912818,120.6391529,1609995820.0
2021-01-07 13:03:41,22.8912562,120.6392297,157.44,68,0.0,22.8912562,120.6392297,1609995821.0
2021-01-07 13:03:41,22.8912562,120.6392297,157.44,68,0.0,22.8912562,120.6392297,1609995821.0
2021-01-07 13:03:42,22.8912518,120.6392883,157.58,50,0.0,22.8912518,120.6392883,1609995822.0
2021-01-07 13:03:42,22.8912518,120.6392883,157.58,50,0.0,22.8912518,120.6392883,1609995822.0
2021-01-07 13:03:43,22.8912518,120.6392883,157.58,50,0.0,22.8912518,120.6392883,1609995823.0
2021-01-07 13:03:43,22.8912577,120.6393545,157.43,44,0.0,22.8912577,120.6393545,1609995823.0
2021-01-07 13:03:43,22.8912577,120.6393545,157.43,44,0.0,22.8912577,120.6393545,1609995823.0
2021-01-07 13:03:44,22.8912577,120.6393545,157.43,44,0.0,22.8912577,120.6393545,1609995824.0
2021-01-07 13:03:44,22.8912724,120.6394138,157.11,39,0.0,22.8912724,120.6394138,1609995824.0
2021-01-07 13:03:44,22.8912724,120.6394138,157.11,39,0.0,22.8912724,120.6394138,1609995824.0
2021-01-07 13:03:44,22.8912724,120.6394138,157.11,39,0.0,22.8912724,120.6394138,1609995824.0
2021-01-07 13:03:45,22.8912940,120.6394660,156.68,39,0.0,22.891294,120.639466,1609995825.0
2021-01-07 13:03:45,22.8912940,120.6394660,156.68,39,0.0,22.891294,120.639466,1609995825.0
2021-01-07 13:03:46,22.8913171,120.6395120,156.47,40,0.0,22.8913171,120.639512,1609995826.0
2021-01-07 13:03:46,22.8913171,120.6395120,156.47,40,0.0,22.8913171,120.639512,1609995826.0
2021-01-07 13:03:47,22.8913171,120.6395120,156.47,40,0.0,22.8913171,120.639512,1609995827.0
2021-01-07 13:03:47,22.8913171,120.6395120,157.1,39,0.0,22.8913171,120.639512,1609995827.0
2021-01-07 13:03:47,22.8913171,120.6395120,157.1,39,0.0,22.8913171,120.639512,1609995827.0
2021-01-07 13:03:48,22.8913171,120.6395120,157.1,39,0.0,22.8913171,120.639512,1609995828.0
2021-01-07 13:03:48,22.8913623,120.6395860,157.28,33,0.0,22.8913623,120.639586,1609995828.0
2021-01-07 13:03:48,22.8913623,120.6395860,157.28,33,0.0,22.8913623,120.639586,1609995828.0
2021-01-07 13:03:48,22.8913623,120.6395860,157.28,33,0.0,22.8913623,120.639586,1609995828.0
2021-01-07 13:03:49,22.8913623,120.6395860,157.39,30,0.0,22.8913623,120.639586,1609995829.0
2021-01-07 13:03:49,22.8913623,120.6395860,157.39,30,0.0,22.8913623,120.639586,1609995829.0
                                                                                                                                                                                                                                                                                                                                                                                                                                                                                                                                                                                                                                                                                                                                                                                                                                                                                                                                                                                                                                                                                                                                                                                                                                                                                                                                                                                                                                                                                                                                                                                                      